7738
7715
6361
4780
2483
8654
8808
2194
1721
6490
2314
2758
3188
8651
7236
8694
3979
9937
4388
582
4638
3383
3612
9950
7452
8977
7495
8931
6234
7433
4973
2550
9132
8963
8917
832
3576
4413
429
2017
4295
3715
2041
5443
5425
7785
2637
5245
1563
3814
5476
9499
7891
8393
5009
5556
8874
7585
2604
6877
4458
2797
8402
3146
6409
893
9641
5914
2817
1820
9603
81
240
6589
842
678
5016
4793
2174
7716
8070
7483
3119
6925
7878
2899
5974
8883
5953
5235
6304
6663
3215
2855
1437
4587
9998
3453
2363
4718
9253
4224
9733
3055
8075
6657
4557
2216
1565
3553
9921
3611
9503
2485
1386
7652
4887
7867
1151
7954
4374
14
7329
2122
9946
1940
5453
1055
1071
2106
5609
6536
3320
2571
4405
3615
6926
1115
3827
8640
373
8559
955
3309
4320
2469
111
9259
7184
3
1036
8382
3091
6240
7443
6094
2053
8126
1780
42
1602
1264
4895
7150
5943
4275
6169
8786
805
4471
767
4360
5432
3245
4843
5126
7562
2094
2759
5236
27
7086
2192
8757
2082
7677
9243
9641
1757
9358
9637
1277
2964
2430
5027
792
4303
7799
8183
4838
7550
4719
8586
9733
9268
9541
401
5601
8922
286
1126
1340
8283
6303
2371
8168
7904
7467
9289
8232
6168
7388
3754
6228
7984
8577
1445
3832
4054
2946
2659
442
2600
267
1612
861
2812
5073
5308
3843
3623
7345
6010
9775
5776
4262
7093
5365
5877
3044
2166
3488
5872
55
3767
622
5354
7005
6080
2593
7340
4319
4289
5567
8130
1744
8776
6625
8270
940
5056
1134
2318
7060
6207
6855
7405
4150
5337
3963
9204
7027
9686
6544
1929
1643
5357
6366
3509
2045
3834
7302
1776
6786
2622
3942
3406
6936
3895
793
2763
1736
7399
1889
6467
8627
8461
5458
7120
207
3784
4169
7736
5052
5187
7116
8376
985
9104
6574
9024
4359
1410
4690
8620
1556
401
2241
1028
8222
5566
5964
6071
2996
472
1252
3901
4980
1609
1581
6518
8104
4620
4601
5604
6420
3663
257
7625
8633
7073
2718
6
6869
4690
9616
2234
9962
9725
4392
3011
7144
5014
5469
4337
3911
7645
5140
7450
2892
8469
6370
9172
5804
1818
5210
1901
1061
5165
7631
5494
8420
6255
2067
2432
4197
4728
5067
9620
7819
3711
6348
1571
1201
9226
9379
2041
4782
2655
6703
1392
3463
9225
47
4365
8921
3519
3092
9330
1906
2082
1033
308
8845
6319
5982
2310
3210
6537
6696
1924
6259
231
5864
4569
4975
6531
9654
9928
6942
5927
4358
3434
6780
3308
2405
3243
3498
1645
9942
3049
5162
1837
5209
6879
1122
4870
3869
3250
5084
99
428
4942
2902
2609
7994
4847
8900
444
7368
6007
9883
5013
2005
4596
9400
2103
1916
7559
2523
9247
6502
1460
6771
4199
4182
3525
9516
3619
6865
8112
232
1627
8426
7763
822
3271
4804
5999
9369
798
7050
8071
1340
2329
7353
4965
4123
3370
4966
6085
3875
3799
7069
5017
7811
9019
6742
3992
396
3121
1950
303
5038
502
732
6961
6010
1473
4147
5988
6642
2976
6911
437
2858
673
8607
2431
114
1911
4744
6103
8562
6502
5111
138
2306
8876
3281
2762
5253
965
4497
3674
3251
6870
4765
7864
3362
9047
5252
7853
3384
1041
6100
7719
8109
2341
2446
2774
7030
5447
3845
2361
2488
8460
5621
4780
869
92
5154
9753
7154
6796
1715
7782
1796
7972
3679
731
8986
2112
999
1992
5600
6497
7913
2997
4665
9741
2679
2023
5242
820
1847
5555
5216
4510
9925
1988
4998
1747
5112
3211
1850
7018
1910
8849
2862
6062
9608
7595
308
1818
2755
202
3110
358
5980
7709
4394
4672
7847
4074
5330
6200
4694
3961
2314
3944
7481
1709
222
8115
7940
5075
9922
2724
9548
597
1945
5826
348
6054
3313
7498
4114
4322
8932
69
5178
952
6017
8180
1835
3286
4884
5398
9828
7212
7517
9303
8612
7708
3662
3448
2501
9012
5929
1277
135
106
7976
4561
285
5898
1875
8681
3889
4283
985
7680
9144
506
9335
904
3214
1958
3113
2961
6855
3316
2838
1676
5323
5355
98
3705
4553
194
9111
8412
279
1667
8087
2698
8213
8592
4900
5250
5304
5987
9098
9324
5192
6722
2514
4213
5481
8275
6968
1888
9759
9331
9550
4668
2783
2258
8606
9439
7588
7354
7911
3566
6368
342
8452
8673
8646
8656
2414
3665
7258
3983
6873
6772
3644
4711
7293
9991
5143
6101
9282
1189
6106
8432
7988
6347
3074
4032
3539
887
7982
9138
1958
7741
2688
6920
1403
7607
4018
8713
9825
1583
9800
279
3148
9926
5214
8601
8896
8638
7628
7423
5313
9025
3096
3944
2206
532
558
3442
5479
9809
9733
3434
1058
4029
2188
2534
7178
3734
5253
722
2881
6093
8965
1565
9826
4582
7338
9359
3320
9637
2106
6480
7771
1009
6809
9348
581
5974
5469
1769
8383
6263
8631
3847
2036
7084
8908
4663
8204
5553
9680
6145
8726
4703
5987
3611
2871
3497
7842
8370
3777
5137
3550
2807
8489
8913
7630
9870
9042
657
518
5472
1358
4428
4865
1979
7228
8849
3391
2803
6288
3187
7098
7321
467
1758
7398
1490
920
6440
5713
641
9786
4058
4489
8794
7131
4992
1353
2464
1
7439
7039
1874
3438
5599
9551
7513
8147
2310
1379
3951
9010
4976
1015
8420
5587
1768
2591
3139
3506
5485
1466
8172
7480
4173
9813
6215
850
2047
5878
6302
1242
7439
944
5647
5385
9907
9741
6649
4506
9289
2546
4366
4508
8842
1483
3672
4766
5897
5649
4147
6546
9119
8634
1177
871
9587
2497
8742
3843
5183
5098
8083
7565
1815
4782
1535
5016
5875
3938
8823
668
1453
7864
6682
278
1640
485
4414
3404
8584
5580
3559
2218
3453
2093
5845
6511
5722
4955
3879
1898
2842
841
7027
2753
7254
3816
3416
8079
2986
7128
2346
739
6945
1417
3543
6585
4067
3478
1938
4790
338
2840
798
6206
8500
7106
2147
412
7713
4307
7897
9756
7300
4145
7628
9667
6674
4391
9725
9235
6395
9301
476
919
2997
9607
7303
5179
3728
5584
5220
8426
8166
7898
2908
5796
12
3807
342
6579
3062
3252
7255
81
768
5035
9974
5908
7564
8244
6071
7741
5754
4473
3348
2639
4368
3629
7906
230
4953
7323
5147
7894
6891
9072
2202
1101
9372
6197
815
6241
8101
2074
1015
368
7488
417
7699
388
5576
923
1980
3088
6121
6293
9785
6967
2979
7866
2911
2558
8704
4945
4607
7129
135
2970
890
5379
6183
5305
6702
6074
9844
9942
1090
1841
5372
9717
7945
8060
8394
2719
2653
8079
1819
1403
3449
7977
2130
1997
5822
5838
6749
4676
6235
1175
6566
7984
3763
9627
6590
9494
1793
5985
2811
2366
3661
122
3494
2606
3165
9773
1755
978
8105
1193
714
2989
4493
5474
4225
5036
9199
5483
1700
6670
6866
172
5348
9661
1021
7259
1849
7605
6335
734
9640
8880
263
9756
1848
9246
7905
3194
3094
2932
1264
7103
7845
561
2420
454
762
1055
8598
9059
8453
3333
9289
1100
3897
6761
7791
1597
7616
3500
6670
3909
45
459
8968
8705
1322
8323
6254
2328
4247
1263
7302
7677
9012
6995
8696
1906
4173
5419
5952
3956
4663
1889
9916
3907
1629
6193
7573
7804
8093
33
4809
7850
1542
6383
3767
5164
8733
9453
3557
9749
8699
1941
5151
573
7910
631
2782
2634
6966
1628
5350
660
6743
9078
235
9680
3815
8378
8104
5993
9543
4273
3811
3756
1373
7426
3995
8192
6
8479
6078
8064
9126
479
9680
2089
4155
749
4023
9845
1753
8130
9812
6470
5153
2854
3631
5287
35
5766
4590
9792
5177
3385
4635
390
9725
9314
9710
5232
6524
6281
6497
4342
2848
4513
8298
816
1292
2632
9944
7963
1189
509
3518
7536
8527
1812
7186
5823
4646
7353
8673
3932
9663
8285
7763
8554
6611
9348
5347
1744
988
807
4558
2326
4936
4507
4400
1675
3815
9742
3277
2677
9713
7336
6300
8212
3103
3474
9570
2833
2954
7799
3258
3717
2284
2110
3001
5381
1009
8863
3148
492
971
9388
8564
4200
1743
2227
6069
2187
6013
6483
4692
8160
2880
9371
5439
5941
8730
7412
1699
7335
5457
6640
9084
8441
9951
9592
435
6303
3400
2029
8044
8248
4606
2299
8890
9609
2225
4233
4477
4632
9648
9568
245
5241
5595
8968
2482
1982
8963
9957
5159
8068
2884
4524
917
5847
8676
3709
9574
552
7345
1580
6036
1881
4506
865
2645
293
8843
1161
3767
2033
6957
288
9008
9516
9397
6315
2582
3086
4110
698
3828
8908
5423
9630
8122
8275
4897
6980
2761
9329
324
1753
7633
9355
1337
1021
580
8310
1143
8655
6566
8174
1591
6079
7571
1142
7702
5940
5858
8032
2913
5545
1525
4838
4937
1003
1246
8263
196
8726
234
7139
3705
5164
4572
9897
7619
8587
8518
7512
7243
4547
262
9552
2198
4577
4392
7483
312
169
5721
7575
8831
361
1452
9302
9607
7482
2991
5598
359
9468
7596
4843
1760
2726
5311
5765
8415
8540
9510
9234
9184
3640
9294
5642
8677
5290
4518
2386
7762
4060
6464
2353
9290
7831
2578
3592
6947
276
1036
7147
1360
9844
6808
3446
9664
1280
1853
2770
6123
9358
7759
5902
9333
1846
8845
3553
9308
4607
189
9819
8531
978
6224
3009
9190
4714
1724
1970
7657
465
3386
5738
3595
8507
8162
3365
1219
2702
246
5090
3035
4757
7083
4780
4345
8853
6655
9705
6213
9609
7082
7829
6868
3232
29
6043
1572
8810
2596
142
1623
3966
5674
1667
9208
1807
8904
2984
5792
8973
3136
750
5002
7163
6529
585
5577
6167
3376
7221
1889
7956
2288
9068
781
8653
5414
6109
9466
9755
366
2300
9932
6889
7694
9275
9450
6921
3380
2347
139
6982
6898
6729
7695
7762
8165
3032
8110
4367
1266
3450
9141
80
1340
2856
1044
7638
8072
5281
1369
3844
3029
1347
4549
8117
6830
9524
5234
5352
893
7018
4455
5441
7791
3257
8826
732
6855
832
200
2771
8655
313
4389
6620
1815
5805
5656
2609
5835
3150
1600
6166
3914
6514
3246
2746
682
3312
3816
3739
5163
4285
286
9736
7107
6716
4361
9090
3056
7358
575
2611
7607
5464
3010
1559
555
5545
1509
9119
3696
155
6510
2473
1741
2751
4383
8576
9234
3226
6735
8315
7091
2794
9451
6173
2357
3310
2992
7066
359
8680
1834
6164
5051
4625
7740
1791
503
2469
5662
3585
6310
8152
9673
230
8701
4217
139
2611
6856
2658
8248
790
7756
6940
5280
5754
7862
6428
6597
913
8562
2282
5392
8427
3735
1756
3765
3246
5816
6910
4794
3258
5927
8623
2071
1440
3837
7317
7817
9049
5457
312
6171
9822
511
3088
3159
5744
4357
8696
7780
5892
9479
5244
2708
6812
6308
2778
7355
7182
5336
5935
5151
970
3745
171
8137
1952
8699
1786
2504
2206
1834
7600
6653
1814
7746
9245
8558
3569
3620
9367
1942
2512
6697
7091
1441
8063
4887
6339
5892
734
1442
904
9627
5052
8119
6684
1260
8690
4189
1813
777
7353
8238
8983
4374
6351
8600
178
7339
8082
5302
5472
367
4129
1096
854
4931
6944
5797
3421
9949
3717
7216
9050
5684
2599
3997
3199
3233
558
732
4273
5160
3687
9682
362
3866
1719
27
2922
1247
3033
1481
4192
1916
4054
940
4605
9440
3190
3619
5024
5812
922
9168
1283
4466
3764
9374
6542
723
8466
3818
2360
5372
6774
287
9369
2416
7092
2455
4689
9016
7785
5841
6563
9268
6886
4763
4160
748
2312
7856
4092
1897
8026
9110
7684
4857
1842
622
152
6142
3543
7776
1365
7742
3087
7524
9628
4870
6010
9727
2975
6007
8782
378
5659
3973
757
9390
1738
6807
5909
3834
1217
489
3352
5283
797
7038
6541
833
45
9289
9885
3230
6676
6164
206
7455
1661
518
7839
3080
3487
9371
7291
6715
4918
8814
5002
6346
7223
7146
1619
7271
9460
5668
9861
7127
1305
4728
87
2334
3870
9093
7705
9756
828
7868
145
3655
7270
583
1207
5937
8103
6952
1509
4278
795
7691
7922
9930
4572
7239
6852
575
6846
5381
5112
8084
5290
4913
6333
5187
9638
5255
4278
7493
4861
6767
2788
5112
8500
4389
9084
1056
5316
7222
4178
459
2361
7904
7859
1035
6125
244
9205
9453
9792
6746
2428
4282
5554
4363
3234
8872
2550
7253
7724
2490
8539
7586
4051
6391
8979
4362
1513
8687
2921
3830
6604
4633
2726
594
5040
9439
8276
5602
9067
3515
1489
728
2544
6984
1307
5580
2652
7487
6278
1130
6878
9682
147
9434
7008
5939
8548
2142
7838
5190
3951
6643
6148
9099
8609
5022
2541
3751
9578
2260
2528
4246
4469
9265
6294
4436
3030
7136
3904
8335
2316
79
4683
1128
8687
8642
6788
8659
5647
3766
221
2093
1826
9066
7468
1288
7466
2034
6111
7559
8263
8866
9108
1028
9399
4785
9507
2526
3827
1107
440
4974
3722
1984
4378
4105
8743
9670
6705
3045
4329
316
1293
3903
8029
4526
8071
5976
326
26
2442
9274
3636
5915
6089
7880
9322
1912
7842
5382
6561
3491
7572
8807
2417
5173
8818
5017
20
8758
6650
381
1469
1759
9711
6749
5580
2224
9455
3770
3792
7853
1335
9381
7751
1171
1700
1500
5322
2773
7593
5014
3416
1472
5279
2271
9799
9240
2109
7257
7792
4628
5207
2752
5864
1057
1522
7252
3646
3052
6012
2409
1942
102
967
6061
7456
931
149
9960
4703
4185
497
1680
4874
3957
1764
8184
355
6719
2376
2338
1640
845
96
2488
3953
6892
3806
9072
2953
7428
7640
2663
6242
3421
9830
5457
9526
7410
9432
2531
7182
8323
7424
3101
9453
3783
8331
2812
7113
8022
5920
823
8094
9692
1135
4214
9265
7903
1806
8439
656
1750
7321
9443
302
4245
5379
5111
5754
7673
5470
8057
9031
3532
1529
2410
3495
3643
7154
1083
368
3176
6154
9024
1697
7361
1388
5132
5056
4735
3580
6282
5812
5974
3234
3477
3239
9284
3136
5627
8529
7465
9165
5287
5861
3835
4871
3166
5105
3237
1629
5018
7384
8164
6236
6154
6405
7403
8942
3003
1237
4602
9532
3428
9019
1802
4367
3742
7566
8650
4904
849
6227
9503
3619
3577
4588
8883
6640
9558
7814
9476
6401
7664
7842
5867
5924
8497
5236
8159
374
1827
4452
650
3765
1779
177
3643
8504
9201
5542
3216
1159
8597
3642
1750
7253
1049
9313
1002
1121
4024
2559
9822
6835
6937
7773
792
7292
3780
1542
7157
3485
8963
2910
7281
4846
1959
3723
5009
9731
3812
7348
3043
4641
8290
1330
8260
5397
3056
7107
5840
6534
2961
2483
8547
7133
8726
8439
220
6196
5657
7635
8060
1092
2322
5320
4928
6516
702
2311
2833
7540
1327
1961
542
5673
4686
1947
8429
1078
7828
5678
7537
893
9830
5641
6
4136
154
6672
8881
944
6082
7808
9197
7002
303
2465
1630
7003
512
6740
9145
6038
7731
7590
2835
4489
904
6916
3293
4456
7790
2920
347
2199
4272
1153
1168
685
2295
2533
5143
2871
1486
204
1575
2128
3012
1491
8564
2619
2769
5066
1986
5828
4953
8550
1958
3555
6493
3441
5491
8680
2530
4557
7755
4539
8901
3527
1487
6987
8519
9654
7852
4557
6814
5656
9430
8698
7130
970
5160
7441
2310
8369
9336
8971
8416
9986
1006
1708
5666
3583
5456
5057
4933
8278
9817
879
6653
3862
9286
8976
6112
1595
4940
8633
85
6443
727
8871
2768
368
5556
1664
549
7855
1576
2116
2159
9851
4531
9760
6357
8521
5317
6016
3307
2660
4069
1653
9749
3193
9807
2073
2177
6864
2060
445
7626
9539
5686
5080
8795
5406
1546
6483
647
9441
9880
680
9111
997
1131
7309
8840
926
8077
8936
1269
626
6337
3956
2841
4834
7161
2597
6353
6966
8171
2108
4016
5368
2692
9075
2899
9982
1745
4003
4900
3614
2261
7857
5906
3098
7073
9442
7499
946
4523
2510
2487
2130
9818
2012
2323
8705
411
8693
7511
9457
7852
2500
1013
5284
8347
9208
7002
2796
8089
2165
2605
5828
4395
645
1214
4716
5981
8518
8254
7483
2748
4673
2462
1362
3934
437
1554
4716
6668
5826
9975
9329
4862
2041
6456
4602
935
6036
8782
7984
6851
2883
1848
6569
1798
4794
7448
6881
40
894
8342
75
213
1189
779
5404
9312
978
2823
4707
9759
6239
1544
7235
4337
4405
3163
441
3942
4320
5174
7424
4431
9087
442
6095
6883
910
2533
4962
3304
8877
1506
5121
5071
1684
3416
5799
714
2110
4955
9539
7982
1806
8942
1406
3698
9847
3007
7163
9417
1460
7676
5478
8157
7524
9347
8132
1279
5552
9148
9286
90
3412
5510
7982
7573
3488
8792
3227
489
7769
2972
1967
9796
9499
3413
6726
3343
8552
9762
7742
3534
956
2521
4588
3047
4909
741
7348
1292
7965
9654
2999
9564
8717
3430
5317
7554
1640
1748
7328
708
9528
1573
7791
8622
7705
2879
7862
1436
5704
711
9664
2789
7068
4252
3648
2971
8207
9937
8901
2192
6500
1030
5768
8999
7162
3311
2363
4739
4823
6324
3038
1721
7373
7761
4573
531
8920
9799
5578
4710
4269
3914
1981
9478
4414
2720
2486
9814
3368
7495
4234
8969
661
4359
8616
3739
6751
2018
4435
2837
9961
4123
1475
420
272
6726
4748
7633
4324
9749
6426
6146
1462
7103
5704
5
8274
4785
9741
3889
2397
3394
6916
7466
7881
511
6623
4753
857
8719
950
8254
3438
3128
5679
4545
5670
9588
7189
3990
7367
5314
9992
5518
2278
7426
3973
5440
2540
6977
8611
4786
1081
2778
4544
6296
5059
6091
4247
8097
7398
8740
4062
9300
3452
6189
5776
8627
8737
2834
66
1929
8770
1137
9705
7010
5957
9567
6042
5229
2699
2358
3584
637
3144
5262
4863
4765
9435
6978
4744
6860
9982
1537
450
7082
7870
5733
1185
4339
9426
1019
568
9934
5396
618
6128
6932
6589
1849
2071
8975
1453
6093
7715
2675
3688
6032
6863
7513
8504
6198
8690
7526
6093
2761
1207
8587
4092
7395
2267
2881
4358
5120
4440
3418
8754
5135
4843
281
5597
1166
7125
6204
9574
930
9459
1350
115
8594
1010
715
4165
4043
5862
8432
9906
2625
9475
7778
6016
4978
3672
4017
2937
8957
8919
9202
4962
3979
6605
4352
4127
4452
3023
7731
4233
9448
3913
8379
914
8588
7583
4027
9701
6213
7273
2829
222
621
8880
8854
9378
3881
3228
8708
9957
5143
5049
5196
1691
2176
936
6609
3090
3489
3073
1054
5636
5775
2843
4422
8292
3509
7385
4385
8833
8263
4935
7604
741
7728
931
1703
1206
8548
9921
8994
6981
397
5553
4335
9860
2980
1268
8564
8014
4742
7118
4261
9853
4261
9591
693
3777
9176
3542
177
9681
2798
1859
6411
2126
349
4504
2605
7269
3075
1278
6417
8599
9953
5822
4766
2942
9795
180
5840
4346
8137
9583
7174
3272
4446
577
7188
2469
5778
776
3935
378
5493
3310
9028
2468
6144
3556
6238
4562
1876
9397
6944
9307
463
1559
7924
1944
8072
5358
2575
6908
6064
4550
4176
7275
6114
8397
5277
1933
9720
1287
8357
5582
7871
341
3100
7820
5207
9235
6776
1703
4400
4527
7537
3289
7367
714
6447
2106
5826
3597
8602
6011
766
5620
5314
8961
2208
4661
4239
9648
7956
6317
4453
250
8696
8558
893
8056
4285
2974
2516
5247
7259
294
4461
5488
2705
4301
9492
5774
3804
8439
6497
4224
4856
7080
6274
8138
4693
2761
2998
4134
4401
9209
3775
1023
6618
4866
9922
3932
1340
7571
8172
4522
4372
9052
7803
9859
1163
8309
4144
8814
2891
8961
6972
1308
1002
2340
9337
9856
1068
4521
7503
5574
7059
652
2312
1015
7198
7308
6181
2923
1960
9429
122
1266
117
138
9786
3172
7140
3192
9624
5982
4723
8937
2718
247
9077
476
1263
7081
9543
9775
443
2715
4660
6864
4655
6969
5066
9896
6755
7180
3008
5311
2709
6439
1132
536
4404
3565
8793
5720
3593
8401
2549
9656
6299
9407
9693
592
6869
4295
1328
5088
4020
6755
3808
4157
8198
7569
7979
4993
529
1608
4605
9294
8448
1440
6390
5088
8381
1879
7302
9901
7834
4432
8616
1217
361
1704
9582
4130
2217
3265
6018
6576
5019
8896
2931
45
4573
6823
279
1503
950
7845
4337
164
9195
9021
3458
6128
5923
2259
4366
594
3394
3839
9002
5485
447
4892
8080
6561
1597
3265
6269
2384
2443
1151
1360
7481
2301
8834
281
2350
143
6360
5722
2347
3265
1892
9476
9964
5114
2940
2738
3804
2006
7920
4565
3340
3967
949
4255
1617
6400
5437
4996
1994
9061
5288
2534
6640
6926
9689
3480
1664
5147
7585
5069
7711
6570
7957
6048
2524
9246
816
2265
9209
4323
9430
6735
4728
4337
8916
4810
8466
2802
9105
7403
5787
5498
3679
897
5601
3926
8284
4946
9649
3765
9828
9285
701
3750
770
4801
969
2369
6174
8431
4351
8826
1236
1422
1537
6398
4929
831
2628
3535
9632
4994
8581
3308
5077
3001
6016
6658
9302
5922
4511
3434
3511
8671
2152
6291
1866
596
2381
4154
1569
8823
4245
9132
3655
4794
3160
5851
6948
9814
9747
795
6505
1244
6580
6841
5784
7524
111
1844
1369
7364
5598
5287
5980
5034
250
1300
2275
9250
6141
1842
7539
9384
6312
2567
4503
5427
7272
6173
6019
340
5512
5715
2614
481
2496
4156
1324
9318
4519
7651
2939
5280
8105
4528
226
2940
745
507
7060
3511
3577
1019
2110
7216
1778
6701
9983
8609
5164
7434
1511
7299
8286
1084
8594
1599
2059
1375
2450
5217
4783
812
2233
3553
9849
1216
7818
2546
6468
5949
3521
4955
1808
3230
4706
3033
8617
5897
9883
8522
6265
5927
6612
6060
7151
41
3095
7435
5108
6186
6103
8221
616
2668
9070
6983
868
467
1723
5360
5510
99
8534
75
6452
7937
4699
5214
8870
7457
725
942
4126
8834
5012
355
2161
5677
9627
8449
8763
4835
7911
133
1264
3529
9067
2492
3036
7983
5611
8569
7855
9760
2490
453
1723
6139
6494
8072
2804
8113
5797
6915
5415
110
4249
6189
7518
9062
6066
1656
2014
7387
7440
7159
6867
5941
1957
9345
8629
9037
1812
8771
73
3771
6175
1675
8451
242
7238
8545
3656
1987
8933
8987
2913
7371
8417
3964
7767
6744
5845
1412
1043
4200
3083
7396
1861
7687
7792
9488
7822
9446
8144
9506
7965
8972
2862
9311
6287
5835
8161
6151
3826
9017
8265
9903
493
4510
1444
8379
4560
2968
5769
5130
2604
3754
2320
3409
4753
320
2162
1736
2729
9887
7534
3100
1949
610
366
3514
1520
7776
4562
5959
5399
1864
8044
4743
3674
3022
8073
7805
4891
9040
8878
3670
9691
344
1741
3950
6550
8089
8187
2830
3102
9828
6315
6419
8014
2878
8900
2994
1375
1225
8095
868
3949
6646
6563
8884
501
4010
4836
5004
3797
2302
254
6320
1327
8712
9349
1564
5624
8417
4789
5741
2120
2631
1964
5608
1942
8832
8666
3913
6513
8295
4783
5993
188
3772
985
3892
3428
2361
5207
2952
7354
3140
6735
9588
4726
8305
4923
6938
4487
189
5291
3976
7805
317
5154
3772
2502
7135
6123
8842
7334
8425
8054
9519
7099
4375
3757
3567
2116
35
4698
6882
4745
6184
4552
4994
8591
5422
5128
6304
5591
9502
4435
8719
88
3355
9911
5749
891
9054
5064
6442
7943
2991
2717
3883
4930
3466
2567
2886
1919
4934
200
2375
8644
5766
1916
512
4565
1834
6503
2931
9693
360
7124
3794
7723
4215
8431
6936
6449
7228
2706
9234
7383
9868
3938
6822
6996
1203
5369
3891
5121
6836
9492
8409
1412
4295
9814
9135
680
3601
4114
5251
7076
4630
7862
4327
3344
7086
3929
8588
6686
6093
789
9881
1951
63
2108
5058
8585
4016
7455
9201
8372
8286
9280
3383
4738
7879
2854
4927
2882
112
4132
4423
9074
2729
7913
2245
6154
5793
1092
3570
1727
3076
8205
2669
8223
1139
1978
4852
3022
5847
497
905
8417
6342
3904
992
3305
5150
8283
6611
3211
9224
5294
1576
8595
317
6164
9058
3588
687
2533
270
6250
3454
4713
1586
903
7903
5886
8835
1565
521
9665
2419
8002
7944
2773
1928
1650
5307
9562
7019
7437
2602
8764
1474
7843
95
3631
8096
1330
4449
7510
8608
173
2466
917
7657
1901
1542
5567
5712
4983
9907
5153
8141
6561
7206
3457
1850
1198
7677
8695
28
3027
5273
3698
5336
6681
9258
3246
9984
4775
4527
5953
7044
2875
3365
6322
4174
3634
3829
4401
835
4463
56
12
8441
1552
2275
7793
5324
6353
9462
2676
101
6938
8927
3943
4131
7801
1808
2635
3835
2601
4753
3897
3577
5633
5198
307
4580
9288
6284
8697
7879
98
8521
4077
8994
612
1871
2983
6980
7724
4516
7773
9973
4373
2834
7696
1594
6546
7899
3342
3659
3545
2116
6556
3685
5318
8290
7206
4064
2197
5397
9816
9959
4114
106
9126
6830
5020
2252
5763
5565
9683
1990
1763
3716
9225
1917
6953
7708
8061
2692
2595
2886
4378
6686
7087
4927
1500
5941
4167
8614
8802
8231
9517
4093
8114
846
5985
6620
677
4107
1387
9640
9284
6773
5494
768
9231
6231
2944
6299
7241
3892
768
3468
2989
4706
5440
5765
3268
1606
3318
2764
9470
6540
2105
1835
4120
1622
7991
1266
7736
2141
1474
9178
1881
7036
4743
854
3435
1181
8487
3801
9510
2990
5161
4282
8654
5810
1046
1900
1386
8099
5735
2869
1817
2496
7839
1206
5535
879
5721
619
8914
1984
7935
4738
7705
5738
9348
6543
4
2496
9107
5073
997
1515
2814
5794
7973
2247
6356
8243
7901
5611
4069
3099
4907
4658
2839
2586
4196
5181
1855
31
7837
1214
703
8602
2942
2225
9437
9230
3123
6031
4857
1588
9235
8718
6936
6188
8290
1156
7676
1935
5419
3540
5577
4
4653
7882
6019
160
1921
3572
8488
3962
4697
2930
1918
5688
7519
4573
9291
7754
345
7511
6459
8470
3240
9251
8731
4804
9596
2173
7338
7793
6731
4042
2580
82
1177
8349
9605
4159
5875
2259
9289
7140
2980
8315
5684
2120
7234
6819
4747
6944
9286
5241
8911
8405
4840
745
3016
4094
351
2199
729
3537
3055
3076
2519
1095
6418
6760
8899
3512
5792
4081
7684
113
4130
8946
8834
4492
9447
701
3650
1052
3313
42
9711
3359
644
2712
5803
7464
8
7092
6379
9231
3864
7291
5531
7168
9568
7762
5448
3055
5377
287
3837
1911
4565
7334
4246
386
2973
4135
1906
8179
73
8397
9716
5029
7817
5657
4300
8160
3553
5755
2253
4278
2467
234
1050
6641
4237
5417
8291
7431
8894
16
4092
7923
6237
2069
5332
2922
1222
1030
9225
7908
945
8692
9274
4700
5854
1456
4654
8810
7471
6948
4564
6298
5288
3760
5706
2354
9543
4146
8607
8488
1797
4868
5301
5154
3001
5853
4402
4229
8665
9086
5161
3502
8506
677
3137
5697
631
8017
9390
5446
6361
8924
9689
4726
7055
3440
768
9532
4586
394
6651
5605
1442
1677
2945
8252
2310
7769
3271
3982
3109
5174
8319
8749
5771
3039
3261
1364
5634
6705
6165
539
5419
4393
1070
9086
3062
7048
3895
8070
4493
1780
2343
7714
7537
9930
6981
8198
1743
2707
2423
1151
9721
8476
672
2666
667
8131
2352
8117
4579
8707
3708
3017
139
8928
7375
1881
2414
383
9973
7228
2432
2449
5732
4210
9045
5885
460
2656
8113
3258
1302
4843
5572
1163
1473
6761
3716
5570
3878
6409
2795
7272
4673
1776
8400
7823
7827
9134
3355
4611
2733
5641
9961
7012
4475
651
990
8909
665
7335
6669
5977
4802
1999
1351
8840
4386
7865
4030
464
2559
5654
7625
1831
9115
1160
4801
5515
2558
3043
536
9775
4999
5091
5286
2536
7249
6270
3093
8571
5687
1447
9208
9022
1412
3349
8089
578
9889
6679
5643
2446
3163
5797
4483
5420
1173
7898
2188
2968
2333
7958
17
8182
328
2095
7148
3406
8749
5398
4946
3385
9032
1549
1194
9658
3033
9659
9323
5202
85
4632
6623
9394
5175
948
9776
8261
4558
3727
3004
7181
1224
3864
797
5366
8474
137
2558
8215
4047
3201
3028
8493
8865
2581
8474
7647
8462
946
6557
5090
1774
5159
5532
9900
790
2967
6560
8014
1222
1739
2935
3466
5316
2269
2140
6671
9374
554
2436
838
6517
1282
9895
6161
1438
840
5140
823
873
8464
7876
5033
7955
9883
3985
528
5181
4960
8707
3220
2151
3753
5450
5147
5414
1221
8282
542
3602
9286
3822
6035
1815
1736
8812
118
2089
5476
8493
4486
9511
602
469
7229
4955
4130
2426
3584
5256
3605
5503
3605
276
9624
7942
9468
2367
7818
9493
5542
8956
741
9554
3241
4117
3672
2983
4866
7367
9152
3346
5415
3706
2419
8104
2853
4293
2320
1760
7344
5924
8669
9729
4742
595
6274
2882
8746
6222
986
8927
7232
9940
2208
5282
4166
8083
4483
9981
9486
6068
4430
107
7302
5264
9485
3469
4177
5732
3138
6978
8155
2850
183
5617
7166
6749
3549
9999
683
3550
2275
4327
5293
2606
620
355
6375
2255
6887
4491
5084
2805
4877
8671
4553
7707
6825
7939
7010
113
5494
1021
9432
2975
8380
8863
8460
6071
4517
6192
9412
1836
9271
1175
9902
1202
9678
8377
560
2386
6649
5472
4974
7080
2347
3079
589
104
6447
3712
7879
5812
6351
6506
147
3371
8850
2901
8319
5601
2363
6555
1293
2691
3608
4499
110
5201
382
3377
9374
6351
9375
7527
9476
983
8890
5320
8456
1395
4496
1015
7949
6165
4742
3532
5756
1752
9050
5410
3194
5165
3662
5676
2963
171
8773
4907
7728
7706
1757
3634
2549
9707
148
8548
9178
5143
844
5202
722
5112
3834
6098
2089
3962
3695
4270
9715
1338
5242
2991
7736
3355
2011
5902
3852
2822
3931
8640
5448
1373
821
8228
6514
3520
2843
8224
1825
551
4384
1161
5144
6504
334
8066
9466
4289
9574
2507
1496
6395
1793
9477
5127
3126
6813
3367
2958
3825
4584
701
2052
3008
5382
8987
5448
2371
1345
5393
5296
2862
2687
687
3808
2053
851
900
3932
7106
7851
6128
1151
3047
7716
8577
3257
2091
2500
1870
623
711
5867
8731
5529
8348
3636
2372
9019
6216
6783
8102
929
8156
2781
1372
7376
9701
2293
4039
5343
5650
2791
8141
7725
5688
9482
239
5829
1357
2560
1238
1093
2740
9058
937
5331
8498
5895
239
1439
729
6130
224
7038
7353
3972
8870
5932
7966
4237
3407
5029
7654
3367
7974
581
1593
624
3755
1505
4241
866
1862
3788
5271
4064
9726
2697
9171
790
2530
1488
9355
1402
6244
6685
6392
8611
8152
2134
2862
3156
8587
9615
1086
2731
4402
2065
161
5527
5110
189
6810
2778
8375
3488
2378
4468
1353
2698
8628
5229
9156
3057
2834
216
2469
3383
8536
2246
2434
997
5824
7076
5744
8787
1900
698
7570
5481
41
8292
2857
1855
7369
5391
2402
1836
9618
5117
1942
7945
3383
4161
6341
3555
918
1062
7311
1259
2426
498
3844
1138
3636
4509
1545
9018
968
2023
1687
2118
2969
8115
5088
7819
9148
9232
7352
5969
795
7502
9732
561
266
4578
4987
1859
4214
5294
5307
1022
3568
4576
7801
6698
3074
8342
6648
8110
7787
3764
9425
7638
732
4955
7075
4714
9539
2034
9075
6450
1034
5473
3075
5596
502
4333
1832
6164
5690
7934
2854
6906
1924
528
7714
6047
2635
8479
9800
1640
5051
9612
4002
843
7500
2648
7169
9290
6308
6769
2380
3796
9355
8191
7757
2004
7491
3999
7673
8124
1464
9092
1605
877
1304
6906
3261
3884
6176
3360
628
9650
9709
4043
6063
4453
4575
9342
1199
9467
2586
4011
3607
1344
4453
8772
3243
5310
7926
2655
7923
7424
3533
9239
3871
7144
1948
9124
1584
10
8219
5976
3729
8355
9675
6652
4566
2472
6409
1704
1040
991
2527
9797
944
4105
9369
6397
2019
6516
6996
5405
7457
3610
4029
6166
2409
8180
2836
5184
5447
7842
8047
7061
899
6533
5649
5996
8661
8715
3008
1371
5073
7699
5944
9457
6213
6473
6940
4011
4320
6624
7853
3155
9743
2146
741
2365
3837
804
5192
8623
9731
2771
6204
307
1320
1032
3202
2612
2989
2162
1941
4625
9610
4977
9190
9878
9600
1443
1069
9179
6802
903
7651
1063
1377
6129
4572
9525
8065
1907
3736
2277
2729
8609
1358
9691
7891
3305
1596
4623
1316
8908
3097
7846
2941
5852
2945
1602
2769
3959
4333
9687
6020
4722
4990
3035
8017
1135
1143
9095
9072
5683
719
1428
3460
742
3614
2400
1618
888
5338
5472
4835
1686
7046
1434
7992
3052
5331
6350
2563
5563
5655
3483
1932
2413
6299
4603
3525
9925
8989
9338
2917
7732
924
8481
9052
4515
4452
4641
4901
2946
3500
8509
9461
3542
2924
539
540
3664
6047
9275
7717
8010
7134
7304
7983
7408
7923
188
177
7902
6701
4809
9013
22
3847
399
364
7216
2371
7454
5719
7027
7642
304
7644
7137
8917
1252
5886
8850
6526
2082
4896
5000
6953
908
4441
7856
7093
8952
993
1675
8372
5380
3598
8941
4133
7863
993
7718
6721
307
8091
5669
4414
5963
1869
3808
3817
9232
7350
1525
5019
8884
9410
5182
1540
2526
5218
8107
9699
8534
5971
9292
6024
514
1134
4076
4269
8005
5523
9390
2895
5416
9356
1578
4684
6139
5305
8975
9849
7357
2143
9590
8443
7613
3370
6628
6754
4149
7256
1852
3796
8637
2208
5998
2803
7963
904
664
5185
6798
5627
3440
8300
1267
7422
4484
5586
3927
7910
9015
5030
5735
3788
394
755
1681
7870
901
9762
254
7979
3054
1187
6167
7772
3955
5790
9681
6176
12
7076
4837
2850
2552
5802
5041
567
5250
5584
6945
2070
4581
1324
7480
8584
409
6100
1211
2243
311
5869
7994
3761
5845
7756
8283
3061
103
159
746
5252
6518
8222
9318
6042
3518
108
307
9264
5423
4537
7404
5637
9527
4598
2248
1321
3115
7896
2265
9223
5272
6895
6080
4111
5561
1986
7637
7056
2186
3330
9377
6072
7544
9704
5918
7961
2862
2636
4762
1849
9708
9943
8878
1282
9768
660
5773
1952
8793
1086
9907
8779
5093
7101
9519
3222
6410
9096
7914
1069
6282
3139
2293
7548
7625
3252
2238
6500
3720
4618
2085
1368
3513
9865
6136
167
437
7718
176
8792
8112
8195
3322
5098
603
4152
1377
4366
3731
6819
2723
9512
4107
2931
7340
7700
7233
5184
8807
4065
4876
8450
8859
32
6877
5619
9136
8667
6545
4881
4839
1292
7156
6472
4580
5592
4885
3327
7139
5174
2286
5850
4140
6214
6728
1089
1428
1532
8391
399
3530
8049
3041
7926
4973
8239
7071
3042
1789
7265
6572
9033
8840
4322
3386
9734
448
9615
2446
8843
1861
3232
5671
2137
8738
1974
5155
7366
9229
8733
1516
1877
7078
9160
1242
1429
2352
9949
6963
2108
1539
379
847
3296
9268
3592
1161
4049
354
8057
3713
1478
4716
2100
6165
7402
7594
3026
4786
2206
6326
6579
3892
2298
9603
8900
3044
8451
8792
6108
6197
90
918
9155
2746
5595
5861
4831
3216
6585
3592
7604
5576
4254
2078
881
735
3417
479
5418
9095
2023
8442
4953
1122
631
7398
2610
8725
9394
3424
7955
2393
6577
3992
1101
6575
1974
9626
9415
2090
206
8644
1996
5893
3014
2870
2678
5996
3283
8250
2663
1176
8282
6053
2704
5266
5090
5627
1016
8418
1179
2049
7024
7788
8299
3314
5268
9930
2716
8393
4556
1188
3137
123
9795
8268
7908
3958
2130
8263
674
8873
7971
6163
363
6015
9769
5839
9799
2946
9646
6281
5370
609
9724
9291
4103
6007
5884
3144
9838
4306
679
1115
9448
51
7856
3360
839
5088
8903
9506
5708
9200
65
2569
4153
9237
6483
2659
6418
460
9992
1605
2580
576
5564
6706
1086
1964
967
6505
2461
7490
428
704
9689
2733
480
7765
4467
9366
5574
7510
2950
3115
7168
9128
5600
4190
6520
9885
2787
9108
2030
1387
900
828
9758
6328
9200
8826
9136
4643
5209
169
8493
1277
5024
6757
4419
3308
7520
5700
8315
9436
391
7054
3012
5401
1540
6985
5262
981
550
968
6111
7084
1298
2789
8034
1298
8695
8324
8707
6509
7075
6843
4894
5131
52
4053
3469
5621
2466
5560
3254
2783
4620
1145
9685
7391
2087
6729
7078
1339
156
5391
1131
9913
5054
8035
6635
5258
4211
3361
1112
4991
8904
867
6697
5392
8005
4404
5116
9238
9391
3003
3588
285
5453
1788
1038
4456
5707
7804
580
9905
6998
3617
4442
8114
1940
7109
2953
3688
3332
6796
2326
8359
4785
7930
1137
7679
7678
5492
4792
4219
7935
8201
5056
3845
8719
4050
5340
856
5713
7636
7674
7712
558
6377
6601
4570
1641
3799
7823
860
8271
9130
8827
3494
8328
5515
7558
7853
8959
3760
7371
5184
3520
1815
6340
9759
9831
1768
1080
3691
5413
2247
1933
6363
6296
6500
27
4773
6778
6373
2569
9671
5800
3878
5894
4330
3238
1378
9292
3336
3050
3423
3322
2184
6131
3264
89
8695
4475
6945
2991
6224
65
7677
3729
8968
1352
8317
1816
4040
1200
2749
2736
7493
8027
3953
6833
5133
7895
1086
5490
5773
9144
8947
3453
8796
2688
5470
611
5754
531
8561
2979
4679
3089
9191
2274
9265
4736
8068
7487
975
1724
1524
2848
9351
8042
8680
7447
9509
7665
7302
2726
2461
1786
5900
4931
8312
3714
4401
4492
6489
4029
5956
440
8653
5535
7932
2062
1077
7229
9389
6757
9675
1656
5862
5293
8227
381
1894
481
7705
1607
3346
2822
3210
28
2237
540
516
8595
2049
1063
2776
4222
3268
3706
3309
6211
4850
4265
5489
2052
3897
3787
6729
5878
9181
8073
4265
846
8696
2272
4186
2337
7612
5133
6045
2865
6832
9689
5265
6786
9208
6281
6490
8957
9762
4231
1195
3909
5796
1686
5567
6028
7263
5786
6776
3004
9390
3767
4135
5825
7199
2750
3028
1339
9782
2446
9792
2484
1575
4981
7194
555
7541
6512
7861
5820
9390
7880
4006
7506
9249
524
545
8503
8345
4397
8069
9982
4155
3836
5973
6001
1024
7695
1844
7851
5611
2460
8204
8139
1849
7712
6130
1242
9304
6737
2617
7556
2283
9840
6035
3244
2521
3794
5730
8925
479
137
9505
5198
1693
5847
9253
5276
4722
328
1904
6709
72
5209
4405
8577
1269
2038
5243
2596
6713
1534
840
8049
2927
882
861
4536
9028
6640
8383
7505
2244
8948
3324
9743
8756
9019
20
3372
7800
7520
6624
4922
420
9843
537
3576
8213
9007
7148
6453
2683
9501
5219
5610
4560
3157
5196
1988
1433
4451
4770
3831
9172
7316
9928
4283
2742
8299
6187
2625
7278
3019
6694
7554
5717
9193
75
3360
6565
3647
4968
2594
2736
3914
4913
6878
2278
3624
428
3305
8859
7297
6076
8278
4385
4244
620
2199
7421
1394
1472
881
8260
1713
2696
3748
4406
1388
6073
8214
4431
1496
1284
5508
8056
3437
5319
6044
8648
5753
3332
9680
2538
9490
7790
1150
253
8133
9798
6529
9438
1444
229
6190
6114
2246
1708
3155
2736
2690
5255
8964
4173
9543
3466
4729
7093
9453
9303
508
7169
330
5946
2082
6969
308
6983
3688
5382
6574
7293
1807
7711
7792
8876
18
4699
2791
6695
5203
7118
1658
1029
8946
2189
5057
2128
7940
9060
1919
5047
4697
9052
7197
2361
8737
317
5521
1566
2244
9769
1409
6649
2940
4553
5675
4195
224
7165
2399
6747
5437
2263
9511
2762
1875
7997
7400
4846
814
1436
955
5798
8441
7130
3906
8496
5161
7605
9874
3851
566
4513
480
5865
5969
5623
7736
7118
1394
6351
6453
6604
1010
1492
8326
5373
7729
3506
9899
2865
1706
4109
7971
7104
1912
7470
4341
3067
9994
3547
3005
6828
1978
8004
161
8971
1174
977
8880
5037
3594
3523
8529
209
7978
6177
4406
177
5719
4439
2146
1960
6827
5890
9757
9177
3885
6132
7133
257
3703
1939
634
1122
5379
2670
9178
3993
6286
3239
9450
9033
3257
4245
1012
304
2238
3113
4091
1885
8638
7488
4389
1689
9718
6700
3829
5447
663
5612
2903
9149
1389
1039
2827
9429
2764
2370
9904
8968
487
8846
5924
3314
3120
7463
6969
331
1787
719
2747
4664
2356
4253
6187
7731
3346
2216
7806
7037
5273
754
2528
3327
894
7739
5089
5925
2487
5158
5673
7945
3550
5052
6434
5444
3773
1999
449
4112
6611
1168
494
6377
7543
3993
1932
3853
3379
2094
6417
9862
5710
605
6187
6798
7542
7221
9233
3768
2000
6924
7938
8546
2467
9308
5016
9727
3859
2771
7160
1618
1123
1252
4161
7557
8518
7864
6578
1290
2029
6869
8458
1439
7564
2020
2978
4736
4467
7109
2929
500
1857
258
1120
5632
7865
2392
342
5931
6210
5138
8672
71
2912
8075
5510
9941
5990
6328
5588
8588
3130
765
2091
5468
682
6157
3917
3843
202
2486
9297
8239
2520
2459
8288
3853
6853
3630
1407
2145
8291
4433
6412
1115
6682
7679
7704
9719
8890
9534
2304
2967
2650
7499
8059
3121
7263
3332
6980
2206
641
3067
4722
3312
8364
3002
4300
9296
3222
1630
1349
633
9335
657
1751
6165
8242
2319
7449
6694
1628
3391
8081
828
4969
6736
4856
8425
5030
5477
6767
3280
1887
3082
7655
6003
5230
6728
8976
5582
4224
4548
4143
5655
4924
2427
3809
4268
2730
5829
5179
116
5772
4192
7879
4652
125
4181
6600
9430
4720
4184
7107
9713
233
6398
1989
3518
5046
5180
5459
8140
9925
3800
4151
4303
7049
457
377
1816
7913
6155
3318
2477
5357
667
6108
7316
138
5860
9545
4698
6749
4408
8406
7290
6930
8966
9334
5737
4663
9229
6400
7479
9704
4444
9011
8026
9108
6525
2226
3290
5364
1759
273
1425
6805
9517
8070
6736
6868
2872
6960
3054
1209
3968
8872
8623
4386
9031
8518
892
6652
2365
9052
891
6852
867
4473
8587
4060
2165
7739
9070
8895
3939
4930
7441
6611
554
2783
6692
6676
4039
8158
857
8580
4371
4105
6887
8445
934
3090
1087
7769
4605
8983
3370
7721
9665
2057
2081
9741
5507
9913
930
9930
8134
1850
3747
4844
2733
5816
4769
4120
3116
5239
8235
4022
6177
3963
1552
3453
5378
4589
9128
3535
9548
463
5209
9478
5170
2755
6487
1025
2407
6329
7044
3083
201
7764
9766
8286
6210
8309
2361
1591
1569
1874
1951
7514
328
4829
821
2836
1345
4967
3699
2621
4438
8010
751
8231
7211
529
4248
6360
1676
5323
519
1703
8006
5064
1746
5762
8569
2717
615
7934
6065
5035
6857
8474
1240
3216
3317
4538
4138
3451
4473
7954
262
2523
5116
1274
6373
7966
4915
4996
1958
8984
2662
1332
1891
1797
6743
6233
1218
6629
1181
62
2327
8286
6383
9726
833
7137
6308
524
7957
6010
5912
5372
2641
3251
6606
9023
1392
1523
7935
3002
4640
6122
3154
9121
8800
6081
4951
2725
3706
4302
3058
6845
6288
5996
4228
1397
5206
2275
4254
9620
4084
6644
1244
7821
3175
1270
5322
4003
7777
7011
2482
725
1365
9317
8269
7201
6405
1119
961
4880
2187
7445
7705
492
5656
5056
2851
9698
2216
2843
5458
3454
836
6825
2273
9882
6421
2032
9242
9417
5453
3984
5550
6085
461
2166
3114
4193
5872
4551
9375
3936
9323
3012
6700
6442
3389
6507
6281
1423
8064
215
7211
9518
8178
7577
8242
7865
4684
1334
3669
6259
5444
7869
5057
2286
3098
3685
7921
7004
2278
9389
8997
5783
1723
257
6862
8295
8669
1100
828
5955
2629
8156
7784
66
2945
3571
8113
6943
750
965
9690
2240
416
1945
3793
1095
2076
7869
8433
1185
2069
7324
2907
1518
7573
1387
9827
3076
7700
4667
3785
4959
4561
5171
4349
9253
4352
8695
8746
1379
349
4578
7458
2146
4985
5189
8825
5307
1943
6069
7103
7431
934
5375
1897
5224
5382
3316
7611
2019
2894
729
9667
7814
4952
6793
6849
559
4253
1894
8591
1324
693
6712
7770
4233
656
8343
833
6508
383
8851
3228
5280
2978
3899
8703
3018
332
9506
3625
9921
2082
6571
5389
5308
9895
512
7184
8311
687
2129
7929
8460
3214
5637
1872
1418
3737
843
117
6488
4792
6983
2703
8195
1944
2158
9804
2594
8719
9172
6117
6888
8274
1915
110
6775
5242
8220
8988
7960
4044
1559
3525
9632
8173
2522
1866
9985
232
3412
1481
2815
3001
9085
1382
8534
8691
4753
1916
6696
7417
7616
2553
8533
2705
5650
6223
2030
9208
1549
1937
8526
1547
186
5590
2458
87
8476
9946
647
4661
1613
6867
856
9129
5087
7272
4128
4775
481
700
3074
9741
5186
4293
918
463
3559
8243
1398
8394
5392
8435
2735
4741
8968
4581
6557
388
9811
1546
2892
9002
240
545
9911
5113
8341
6691
5561
650
3043
9920
3287
7691
404
3825
6449
3668
7514
1792
2605
4832
7819
5064
8917
3323
8170
5251
3860
1320
6837
6262
3725
4967
3697
4976
4295
9536
9392
168
1420
4770
5611
8168
5349
5487
712
6653
3071
7263
3756
5731
4606
87
1701
4512
159
6837
5453
1485
9934
9003
7707
638
8547
748
8878
9663
7361
3007
5363
405
2443
7897
9707
8343
4870
3697
3060
6110
2304
3609
766
3475
7689
6898
9184
5303
2999
1860
2383
907
3746
4278
3993
4811
65
2509
710
9602
8597
7091
4715
9515
8209
3220
5538
7976
341
6124
9195
4178
2674
7447
3369
3584
6987
6404
1186
9115
7533
6461
9882
630
3094
4970
3730
1462
2611
3022
5675
4865
8819
4295
4239
5526
763
3394
7363
5376
5509
8308
1417
7470
3242
7476
4049
4809
2836
3285
1371
2668
8836
2669
3199
8820
285
2688
8393
6625
9730
9281
6394
6719
1587
4168
1795
79
4472
8277
6451
2879
6325
112
6661
4695
9476
7029
6175
52
5180
6757
2840
3184
3542
7844
9226
794
8237
1203
746
7887
7333
9630
8035
3367
6036
1217
6349
5239
5919
2460
6543
1872
7814
6772
6416
3133
4681
8742
6105
9963
3153
8882
2645
7427
3076
7982
244
8076
529
6413
616
2062
5747
8498
7893
529
2538
6219
5436
9142
2892
2592
4131
684
8966
6537
8597
3191
8126
2185
7480
8702
6780
7164
641
3733
4107
5355
9840
3478
7575
8684
3810
2140
2405
7830
1627
1333
4574
94
186
8518
7679
1574
1943
1623
3297
5529
4791
8041
3547
7865
1689
3173
7459
3384
8110
4487
6342
7409
7836
613
7664
8436
965
9512
4049
464
1103
5158
3974
5978
312
642
2275
8214
6360
4270
9956
4586
4638
6807
2260
8748
4882
1657
6251
4031
4524
6870
7744
3824
9851
6662
7424
4729
6162
2472
1303
6147
2597
5179
7185
9910
9643
7165
4000
3836
529
3171
7706
7561
6222
5319
6367
424
6304
3133
953
2931
8675
6495
7423
3972
3887
2692
9861
8303
6412
9111
9441
9191
266
7492
8586
1481
2966
9146
3803
1742
2509
2600
7338
5994
4139
2710
1980
371
3670
3154
8129
7605
9738
6632
2698
1091
3850
3955
9883
1380
1880
8398
3432
2430
1829
9118
1234
4389
9941
3560
3687
3973
7635
3334
7757
5847
855
8902
8778
8312
4047
6531
2953
804
4740
7131
5966
8964
6965
1063
4303
5679
7838
8763
6248
9940
6620
4204
5216
3957
5330
1064
6083
9071
8115
7660
9501
3873
8117
9690
9378
153
295
6334
1096
4115
8944
5701
7898
5634
6124
442
2473
630
7015
8136
4737
7779
7809
9021
3740
2859
8306
640
1817
1519
3696
9069
4912
3718
9935
1935
791
5539
761
1559
2478
3025
8769
1770
9713
628
8485
7317
1894
1214
859
3146
226
8001
991
3866
8235
7616
8808
7108
3530
2185
7765
212
5324
3129
9165
7576
9556
4559
1708
4370
9478
6630
8283
526
7879
4264
2622
5933
720
7048
234
7211
1437
4085
3359
5080
9052
7287
5465
9808
9224
3167
2448
8073
6072
8622
1039
776
2608
4701
2209
6469
4940
1931
8312
806
9098
5303
692
5552
5221
5695
3740
2781
2281
480
355
7445
1697
9714
947
2390
1574
6563
6086
6876
8793
7867
3128
9602
3193
507
6165
3976
1822
8064
124
7586
9610
5402
4642
4034
3584
1758
3230
4891
8281
1516
2774
9534
2096
6169
1949
2007
7256
5803
3042
4097
130
3317
8080
9599
7504
886
5548
6635
5230
7795
6498
3882
1175
3474
5779
4018
879
6597
1648
1558
916
1817
9467
5631
9300
9665
633
8446
6737
5279
4622
2374
6005
6886
1911
9474
6427
7089
527
1368
6463
3755
3837
422
1705
6879
4627
2086
3254
8202
2264
8443
2290
1666
6681
5960
2095
5382
4746
5432
8919
8747
3850
3745
6712
3424
5044
1180
325
3388
4549
9960
5880
5199
9592
6415
3874
2305
2950
2001
7006
61
3846
8836
5473
7763
3512
8291
369
5914
3719
4798
4883
8063
4325
9501
5227
6459
95
3214
8582
3250
8654
6170
6489
9517
6494
6509
5358
6586
667
2709
4957
4944
7347
7413
80
8161
7646
6495
4456
6855
1950
189
4632
5285
5485
1374
569
5138
5315
1459
5220
4915
9546
6070
4353
5865
1577
4061
2356
3809
9537
9442
3425
9254
5676
3360
4648
7865
7905
195
3760
8645
781
1302
7799
3698
1399
6982
1090
2947
3308
7363
3333
895
7641
2798
9964
3334
500
4989
3909
6045
189
704
6300
1286
6450
843
5070
6488
3588
4666
4122
3164
8518
6202
3578
8247
1469
3506
9867
47
3952
7587
3453
4356
5181
5697
6450
6768
8912
2164
1178
4033
8675
3248
4896
6460
3215
2896
8004
9359
3012
7036
2383
5539
3309
6656
6858
6504
7859
776
9397
373
569
1701
4970
6072
6176
3358
7422
7398
6204
6371
3037
9400
3312
4985
3905
7759
934
9656
5052
9351
1519
8781
5832
8478
7255
3759
1323
4695
8085
5198
4049
3295
7236
8641
2991
1831
6707
4139
9480
8010
1930
7426
3541
7446
5073
5646
1084
2004
4338
9150
9785
2752
7451
9728
3769
5886
8390
647
4090
894
4356
8771
7920
6058
4462
8378
2425
1917
8061
6818
7939
4889
4141
5289
9915
8117
7446
1618
353
392
6307
3818
2504
3269
3972
1061
1912
7582
1040
8140
6579
7916
2401
1650
4656
5414
7560
3620
1641
2023
4093
9023
7153
4720
332
1541
8517
8707
8288
3577
8125
7062
3456
1277
3391
2286
6613
4744
5613
8946
3695
6751
6073
2926
4393
4912
6656
2487
252
2016
216
3015
9181
9961
2645
8521
9719
9875
9664
9520
6926
6118
1997
8742
3375
5005
3815
418
5180
7609
5435
6731
9483
7583
9522
3786
474
407
4829
3174
6493
6064
6918
2065
9656
7054
5677
9016
1867
1114
9431
1643
6104
1399
6763
1064
5785
6751
9134
6390
395
4706
3878
1884
2536
4546
6480
2024
7378
3963
2078
1356
8916
7297
9258
1576
2141
4347
5291
8165
4824
7897
8741
6926
1552
7339
2957
6111
2138
3633
3829
3885
9096
3049
7177
2367
4841
7960
629
7340
8663
2417
1618
4886
1088
6134
6242
9850
8666
816
9564
9534
162
3443
927
2414
8110
2331
5100
4542
6784
2048
1644
7986
1857
6262
4642
12
7343
22
3309
8967
6267
5824
4157
2103
5678
2843
1751
1767
5286
5649
9485
8960
75
5691
6357
3567
7481
241
8332
5274
5914
9613
4391
6685
2579
620
4782
4353
3449
9314
2793
9510
6717
5947
7872
1887
5534
6700
8986
988
8289
7055
3460
8469
6193
625
7017
9515
3801
7634
6439
5603
6530
1634
6970
4582
3987
1744
2881
1490
7567
5871
208
6522
2241
9085
9171
532
3393
5586
6298
3078
4446
8808
4373
545
7132
8502
2509
2492
3572
763
6214
4378
4503
7220
2787
8112
4932
7691
3289
3223
3449
3196
1401
7745
6233
3966
1417
3881
7840
7333
3538
9806
1228
1435
273
7273
1358
7824
9004
2943
8075
1341
9314
6302
6518
5971
7583
7166
4521
6905
7317
6238
4438
9444
7267
8793
2235
3941
1376
5540
5382
3102
427
9324
2331
3275
7670
6483
2321
8977
5983
3602
4489
386
4312
3806
3231
1595
4189
5268
7304
13
7220
4314
366
4259
1503
1179
5824
4694
6406
7725
3396
1206
6256
1621
8630
839
1402
5837
1022
4038
1282
1297
2784
3801
9302
1902
7726
6035
8100
2221
3787
5119
8516
1876
9216
6830
7139
9050
4175
5079
3837
339
3517
1424
4451
9755
6260
3419
8140
3419
9881
1020
4768
2746
8787
7825
6422
4459
4272
3167
6744
7887
9175
1185
1361
4479
7891
8244
4348
2146
1376
6727
9561
3822
191
8720
18
3225
5342
4289
3278
6133
6985
3113
2355
1512
3938
8950
253
8999
4626
4552
9594
3478
6568
4590
7392
1050
8487
499
6917
296
5693
2290
8986
2525
4649
4680
8716
4110
2879
6416
9050
8361
3384
5293
4237
5525
8323
9185
1810
8439
2342
8542
54
5975
5393
2538
8555
9446
7072
5560
3516
3118
6433
9923
2169
3837
9170
1303
7065
9270
5317
567
6223
9265
7892
8757
3393
376
6872
2456
6922
6732
639
5656
5658
6960
5922
7554
5141
8798
5991
4368
8525
6200
5026
88
4102
3222
6345
9459
4465
9007
3917
4870
805
9786
8386
5799
4026
8798
6062
3640
6018
2590
831
9886
2721
9736
924
9723
905
9486
2344
9258
6036
2176
2354
9872
1659
8557
7812
5732
6348
7781
796
7937
3728
8400
2120
7073
5588
6743
5897
5905
3577
704
6170
8181
8306
2192
5953
5550
4502
4749
3249
2134
3182
6014
8911
2844
802
6967
3352
8875
8117
4757
8042
2463
5231
2400
3036
7381
5517
321
2839
3838
5558
6678
9482
4968
8042
4114
4449
2790
1863
7472
6720
1545
6794
9749
9239
4138
4951
1279
473
857
4815
4450
3348
9956
9935
7672
699
6217
3512
7916
5838
139
6140
7111
3423
3071
1109
1877
7541
8967
3118
8778
7288
9214
6415
2806
9105
8967
446
148
5019
6915
7797
1035
320
1641
1697
7863
2485
4718
4349
9330
3165
8657
6836
5524
3920
6738
8185
775
7342
4547
4989
2094
9030
9984
2249
6718
5135
3950
1496
7039
1050
1550
9316
1985
1109
5151
884
5471
1236
5894
2710
1415
5486
926
2980
2488
1511
4983
7773
9617
1925
833
9967
9656
1393
6020
4250
7991
161
793
9529
9642
9244
428
8844
4871
8545
8316
7713
4278
4454
4305
7874
7009
6343
2048
785
3987
7199
7442
8205
2687
7133
2748
6472
2017
3029
6268
5532
3369
6981
596
7813
6874
5177
1632
2146
7736
6113
6916
2226
7052
563
6718
775
8241
7994
7411
8014
7740
5380
7250
6675
6402
3477
9843
1986
8974
3467
6196
1797
9606
4876
3233
8756
6917
6932
6206
4201
2608
2219
8714
8373
6475
9817
2306
3069
1278
4656
9909
6505
2468
581
1306
1410
5389
1788
8606
607
2440
5357
9057
749
7779
8716
8552
571
3609
2662
5894
117
8318
9333
1694
2500
6090
2540
1442
2905
4499
5930
8543
1534
8143
7245
7214
4553
5444
1081
4920
8361
9886
7358
995
5298
6343
348
7651
4539
5930
4503
7268
5255
6661
1137
7537
5780
1648
5067
5827
2626
9952
2230
2171
9345
5775
3487
1649
6939
1606
4297
9908
5714
949
8476
427
9077
5610
4750
8755
522
1054
6043
9149
1021
4158
7473
6362
4081
5721
6569
5460
9541
8402
8971
1135
5909
3643
115
7259
3198
7467
2541
4822
3765
4260
1895
6373
9132
4215
3208
7449
1096
912
2823
5409
6702
2008
7853
4607
7823
5780
6525
2649
4576
1830
9728
8673
7749
3264
9048
1225
8156
3070
5559
9747
2351
819
3327
8685
6401
9065
2918
4723
9397
4911
4417
8166
2502
1358
3103
4374
2157
4247
1113
5412
2810
5020
7331
4914
5341
7400
6765
6554
2052
4910
3517
5647
3091
3049
403
8943
4787
3649
5436
5616
8524
9673
7956
4863
9963
2354
5772
5728
3737
3467
3774
3010
7687
5280
104
2457
2500
5111
2040
2024
5757
5816
8495
145
1356
3246
1889
1889
6661
3683
4949
8222
995
3388
3641
3778
4544
9664
7522
6053
1885
785
6847
9354
585
9196
7256
2055
3595
8473
7460
8115
4171
663
2466
5137
6211
6836
7685
3884
4687
1913
9239
6846
495
414
8598
794
5890
6204
2683
6659
7390
8145
3531
5323
9178
9431
8377
5539
1143
1348
9570
1013
625
4194
9892
8167
659
7850
9465
8504
8683
4539
932
5037
341
634
746
723
179
1158
1909
8632
4808
8412
655
6425
8937
6832
7826
5671
1838
9174
963
1290
6241
4280
8465
7622
7582
162
2619
9588
2666
4264
532
3391
6560
9292
4104
2944
6872
873
1969
4777
1791
8498
9290
2755
9068
4482
6653
4156
1317
1471
9123
916
2084
2391
2678
7881
1383
2883
8265
6366
5140
160
7160
9088
1090
589
604
8119
8786
5900
4824
8770
6348
3526
9724
3306
225
603
1285
9293
3076
145
3313
4306
6615
9340
9189
7750
1208
8406
7884
8582
436
538
3796
6206
3450
2986
4581
9537
6264
4107
5684
2327
625
929
323
471
7108
538
8415
141
1390
2730
2713
8701
8298
1090
7845
130
7229
6138
8384
4560
8892
4937
7454
3663
8222
4191
9124
9095
6104
6390
3054
9417
5677
8653
2091
4145
2104
2448
5428
119
6559
8348
7031
2605
303
800
8952
9355
212
9400
6718
2243
9059
5172
7119
2207
9237
2440
1932
3662
4209
2161
4577
7310
9972
9482
828
1811
7622
3848
453
9989
1895
8990
2898
8208
918
3048
8611
1082
4581
868
5321
8942
4961
248
3206
7819
4350
9702
6693
7055
4529
1624
2839
122
7036
3625
4381
3399
4898
4049
7135
4209
1395
3922
6525
1498
8942
9090
4510
200
2594
3013
1894
1965
1472
8612
4739
3596
1785
4499
9153
1980
4033
5587
3959
7188
6005
8867
1026
3425
4846
860
5601
217
2400
7349
140
8846
6096
5220
7108
177
7660
8382
2804
5323
1373
5912
5328
3185
823
3836
7166
4408
3183
8384
4163
8914
6054
7156
5716
8061
9994
9970
5735
2466
4589
2186
257
2611
2575
1612
5024
5881
4526
7500
8171
4535
964
9238
7577
6082
3925
8140
7130
4826
5881
4867
726
6013
7904
3153
5369
5556
2436
6573
1256
3977
4642
6071
5086
4657
5733
9893
96
2704
8561
3377
2453
2292
7100
226
8619
4753
2855
8182
1711
7637
7757
6812
6529
3106
9213
8548
4397
9522
6990
3375
9679
3105
7329
2456
7315
4568
5857
3309
3849
4635
4768
5173
8537
422
5298
6294
7328
7145
630
3110
1848
7525
7233
4229
3554
4769
1064
6577
923
6832
1649
9992
2178
1051
3205
3136
6471
8088
5319
9892
9790
5796
9522
8221
1992
3519
7964
650
4215
9518
2671
6093
9276
56
1552
6948
6910
6874
8682
7355
5690
182
489
9167
6803
9625
4217
8938
9397
5082
6786
568
8596
9411
8823
926
8072
9935
1343
3784
9047
71
1266
4752
763
1652
8292
4964
704
1907
1433
5182
4431
7445
7757
9841
8850
1509
814
234
742
9527
1674
2856
5297
2487
8512
7706
9955
6218
7716
488
6889
651
8407
6580
8338
733
9262
9051
4086
9821
1646
5968
2856
4405
6890
1918
4898
582
6953
2618
2963
4261
2482
6418
3652
9891
6910
3500
2043
7950
9072
2389
8313
8511
1443
287
1321
6139
4405
705
1677
1339
1236
922
5388
3048
7072
496
9713
3981
8107
6499
460
834
2545
5837
3309
6379
3470
4085
5468
3586
5959
9509
1671
8121
735
9466
2470
7586
5051
5744
6124
5872
2621
6380
1237
1020
4135
385
1829
6795
6102
4307
4072
8569
4481
5876
2714
1043
7768
9877
4800
512
8996
7181
381
8593
5262
