4718
2216
4224
9998
1386
7652
6304
2106
1940
9946
2122
8640
6926
3320
6536
7184
4320
8126
1780
42
1602
1264
6094
6240
8786
7150
8382
1036
14
4374
7954
5236
2192
7086
2094
7562
5126
5432
4360
2430
2964
9358
2082
8922
286
1126
1340
9268
8586
7550
4838
8232
6168
7388
3754
6228
7984
7904
8168
2812
5308
1612
5776
6010
3488
2166
3044
4262
2600
442
2946
4054
3832
7340
8776
1744
8130
6080
5354
622
7060
2318
1134
5056
940
8270
9686
9204
4150
6366
6544
6936
3406
3942
2622
6786
1776
7302
3834
5872
792
5974
7878
8070
7716
2174
5016
678
842
4690
1410
1556
8620
9024
6574
9104
2996
472
1252
5964
5566
8222
1028
4620
8104
6518
6420
5604
4980
4690
9616
2234
4392
9962
6
2718
6370
2892
7450
5140
5014
7144
8376
7116
5494
8420
5210
1818
5804
9172
6348
9620
4728
2432
1392
4782
2082
1906
9330
3092
2310
5982
308
9654
5864
4358
3434
6942
9928
1924
6696
9942
3498
1122
4870
5162
428
4942
2902
5084
3250
3308
6780
7368
444
8900
1916
9400
4596
1460
6502
7994
3210
9226
822
8426
4804
232
8112
1340
4966
3370
7050
798
6742
3992
396
9516
4182
5052
7736
2976
6642
5988
2858
6010
732
502
5038
138
2306
6502
8562
3674
2762
6870
5252
3362
7864
8876
4744
114
2446
2774
7030
2488
8460
6100
3384
7972
1796
7782
2112
8986
1992
5600
6796
7154
5242
820
4998
1988
4510
5216
7018
1850
5112
6062
2862
308
9608
202
3110
1818
1910
4074
5330
6200
4672
4394
3944
2314
4694
5980
358
5154
92
348
5826
9548
2724
9922
7940
222
4780
1950
3286
8180
5398
4884
952
5178
7708
8612
3448
3662
9012
7212
9828
8932
4322
4114
7498
5898
9144
7680
3316
1958
3214
904
98
1676
2838
8412
8592
2698
5250
4900
9098
5304
194
2514
6722
5192
9324
6968
1888
506
7976
106
7588
7354
6368
3566
8606
2258
4668
9550
6772
3644
7258
6106
9282
7988
8432
9138
7982
4032
3074
2414
8656
8646
9800
4018
3148
9926
5214
6920
2688
1958
8452
342
6054
3442
558
532
2206
3944
3096
2188
1058
3434
3320
7338
4582
9826
722
9348
6480
2106
5974
8908
7084
2036
8726
9680
8204
8370
7842
3550
5472
518
9042
9870
7630
3734
7178
2534
7628
8638
8896
1758
7098
920
1490
7398
6288
8794
4058
9786
1874
2464
3438
4992
2310
6440
7228
3506
1768
8420
4976
9010
7480
8172
1466
944
1242
6302
5878
850
4508
4366
2546
4766
3672
8842
4506
5098
8742
5016
4782
6682
7864
1640
278
668
8584
3404
4414
2218
5722
5580
3938
8634
7254
3816
7128
2986
2346
3478
1938
4790
338
2840
8500
6206
798
3416
2842
1898
6546
7628
7300
9756
3728
5584
5220
476
7898
8166
8426
12
5796
2908
3062
342
768
3252
6674
8244
7564
5908
9974
3348
5754
4368
7894
230
7906
412
9372
7488
368
2074
3088
1980
7866
8704
2558
5576
388
2202
9072
6074
6702
9942
9844
8394
8060
5372
2130
4676
5838
5822
6566
7984
9494
6590
122
2366
2606
3494
1090
890
2970
5036
5474
714
1700
6670
6866
172
5348
9756
1848
8880
9640
734
978
1264
2932
3094
3194
2420
454
762
3500
7616
6670
1100
8598
9246
6254
1322
8968
8696
1906
5952
9012
9916
3956
7302
1542
7850
5164
2782
7910
660
5350
1628
6966
2634
7804
2328
7106
8104
8378
8192
7426
3756
9680
9680
9126
8064
6078
6
9078
4428
1358
3784
9792
4590
5766
4342
2848
816
8298
2632
1292
6524
5232
9710
9314
1812
7536
3518
4646
3932
9348
8554
7186
2326
4558
4400
4936
988
1744
7336
6300
8212
9742
9944
390
2854
2110
2284
9388
492
3148
4200
8564
2880
8160
4692
3258
6640
9084
9592
7412
8730
8044
8248
4606
3400
4632
9648
9568
8890
2954
9570
3474
4524
2884
8068
552
9574
1580
6036
4506
288
9008
9516
8676
3828
698
4110
3086
2582
1982
2482
8968
324
6980
8122
9630
8174
6566
8310
580
8032
5858
5940
7702
1142
196
1246
234
8726
4572
5164
4838
2198
9552
262
312
9302
1452
4392
9468
5598
1760
2726
7596
7482
9510
8540
9184
9234
9294
3640
5290
5642
6464
4060
7762
2386
4518
7512
8518
1036
276
1360
9844
6808
3446
9664
2770
1280
3592
2578
1846
5902
9308
6224
978
9190
4714
1724
3386
5738
1970
9358
9290
5090
246
2702
4780
8162
3232
6868
2596
8810
1572
3966
5674
142
8904
9208
7082
750
3136
5002
5792
2984
8908
9068
2288
7956
3376
6470
9812
8130
6982
3380
9450
7762
6898
3450
1266
80
1340
2856
1044
7638
8072
8110
3032
7694
3844
8826
7018
732
5352
5234
9524
6830
9932
2300
366
5656
6620
2746
3246
6514
3914
6166
1600
3150
200
832
6716
9736
286
5464
3010
7358
3056
9090
3816
3312
682
6510
3226
9234
8576
3696
6164
1834
8680
7066
2992
3310
5662
230
8152
6310
7740
2658
6856
790
8248
2282
8562
1756
5392
6910
5816
3246
1440
3258
4794
6428
7862
5754
5280
6940
7756
2794
9466
8696
5744
5892
7780
3088
6812
2708
5244
7182
2778
6308
970
5336
9822
312
8558
7746
1814
2512
1942
3620
7600
1834
2206
2504
1786
1260
6684
5052
8690
904
1442
734
5892
8082
5302
5472
1096
854
7216
6944
178
8600
4374
8238
1952
5414
7120
5458
1916
4192
940
4054
9440
3190
9168
922
5812
5024
2922
3818
8466
5372
2360
6542
9374
3764
4466
9016
9268
6886
2312
748
4160
7092
2416
1842
7684
9110
8026
7776
6142
152
622
4092
7856
6774
3866
362
9682
8782
378
1738
9390
3834
6010
4870
9628
7524
7038
3352
518
8814
4918
3080
206
6164
6676
3230
7742
4728
828
9756
3870
2334
5668
9460
7146
6952
9930
7922
6846
6852
4572
4278
7270
7868
4278
9638
5112
2788
9084
8500
4178
7222
5316
1056
5290
8084
5112
9792
6746
2428
4282
3234
8872
2550
5554
244
3830
6604
4362
7586
5040
594
2726
5602
8276
2490
7724
7904
1130
6278
9682
6878
9434
7008
2142
8548
5190
7838
2652
5580
9578
5022
2528
2260
6294
4246
3030
4436
3904
7136
2316
8642
6788
3766
1128
6148
7466
1288
7468
9066
1826
6984
2544
728
1028
9108
8866
440
4974
3722
1984
9670
4378
2526
316
3636
9274
2442
26
326
5976
4526
2034
7572
5382
7842
1912
9322
7880
6650
8758
20
3770
2224
5580
8818
3792
5014
3416
1472
4628
7792
9240
5322
1500
1700
1942
6012
3052
3646
7252
1522
5864
2752
1680
9960
1764
8184
2376
4874
2488
96
1640
2338
7456
7428
9072
3806
6892
9830
6242
7182
9432
7410
9526
7640
8022
2812
4214
9692
8094
1750
656
1806
5754
3532
5470
302
2410
5920
7424
1388
9024
6154
3176
368
6282
3580
5974
5812
9284
3234
5056
5132
7154
102
3166
3136
6346
5002
5160
4602
9532
3428
8942
4904
8650
7566
3742
1802
6154
6236
8164
7384
5018
9476
7814
9558
6640
5924
7842
7664
374
5236
4452
650
5542
8504
3642
3216
1002
9822
7292
792
1542
3780
4024
1750
4588
4846
2910
6534
5840
220
6196
8726
8060
1092
6516
4928
5320
2322
3056
8260
1330
8290
4686
1078
7828
5678
542
4136
6
6672
154
9830
7540
7002
7808
6082
944
6740
512
6038
1630
7790
4456
4272
2920
1168
6916
904
2128
204
1486
1986
5066
8550
5828
2530
8680
1958
8564
9430
5656
6814
7852
9654
3012
7590
702
8416
9336
1006
9986
2310
5160
970
7130
8698
3862
9286
8278
4940
368
2768
1664
5556
6112
8976
5456
9760
2116
1576
2660
7626
2060
6864
6016
5666
1708
1546
5406
8936
926
8840
680
9880
5080
5686
4834
5368
4016
2108
6966
3956
3614
4900
9982
2692
626
946
2130
2510
9442
2012
9818
3098
5906
2796
7002
9208
1214
4716
2748
8254
8518
5828
3934
1362
2462
4716
1554
5826
6668
6036
4602
6456
1798
1848
7984
8782
4862
5284
8342
894
40
978
9312
5404
3942
4320
1544
442
910
1506
3304
4962
7424
5174
7448
4794
2110
714
3416
1684
2500
7852
7348
3812
3698
1406
8942
1806
1460
9148
5552
9286
5510
3412
90
8792
3488
7982
9796
8552
9762
7742
3534
956
6726
2972
7348
1292
4588
8132
7554
1640
1748
7328
708
3430
9564
7862
8622
5704
1436
7068
4252
3648
9664
1030
6500
2192
9528
3038
6324
7162
5768
9654
7524
5578
4710
8920
3368
9814
2486
2720
4414
9478
8616
4324
4748
6726
272
420
2018
4234
3914
5478
7676
7982
8274
5704
7466
6916
3394
3128
3438
8254
950
5314
3990
5518
9992
9588
5670
1462
6146
6426
4544
2778
4786
6296
2540
5440
5776
2834
66
7010
8770
3452
9300
4062
8740
7398
3584
2358
5262
3144
9982
6860
4744
6978
6042
568
9426
5396
9934
6932
6128
618
7870
7082
450
6032
3688
4092
7526
8690
6198
8504
7426
2278
8754
3418
4440
5120
4358
8594
1010
8432
5862
1350
930
9574
6204
3672
4978
6016
7778
9906
4452
9448
4352
8880
222
8588
914
4962
9202
1166
5196
8708
3228
1054
5636
3090
8292
4422
7728
7604
936
2176
9378
8854
9860
2980
1268
8564
8014
4742
7118
8994
8548
1206
3542
9176
5822
4766
5840
180
2942
1278
3272
7174
7188
4446
378
776
5778
9028
3310
6144
2468
1876
4562
6238
3556
4346
8072
1944
7924
4176
4550
6064
6908
5358
6944
4504
5582
9720
4400
2106
714
6776
766
8602
5314
5620
5826
7956
9648
2208
8056
8558
8696
250
2516
2974
5488
9492
5774
3804
294
8138
6274
7080
4856
4224
7820
3100
6114
4866
6618
3932
9922
9052
4372
4522
8172
1340
4134
2998
2126
1002
1308
6972
9856
1068
5574
2312
652
2340
1960
7308
7198
138
9786
3172
7140
3192
9624
5982
1266
122
476
2718
8814
4144
7180
3008
9896
5066
6864
4660
9656
592
5720
3808
8198
4020
5088
1328
9294
8448
1440
6390
5088
1608
9582
1704
8616
4432
7834
7302
4404
536
1132
8896
164
950
6576
6018
9002
3394
594
4366
8080
4892
1360
2384
6128
3458
4130
9476
1892
5114
9964
2738
2940
2006
3804
3340
7920
1994
4996
5288
6400
5722
6360
1664
3480
6926
6640
2534
2524
6048
6570
9430
816
9246
4810
8916
2802
8466
4728
8284
3926
9828
4946
770
3750
8826
1236
1422
6398
9632
4994
2628
6174
6658
6016
3308
5498
2152
3434
4154
596
1866
5922
9302
4794
3160
9132
6580
1244
5784
7524
9814
6948
2350
250
5034
5980
9250
9384
1842
1300
5598
7364
7272
6312
1844
1324
4156
2496
9318
2614
5512
340
7060
2940
226
4528
1778
7216
2110
1084
8286
7434
5164
2450
812
2546
7818
1216
1808
3230
4706
6468
8594
5280
6612
6060
8522
2668
616
868
9070
6186
5108
5214
8870
6452
8534
5012
8834
4126
942
5510
5360
8834
3036
2492
1264
110
2804
8072
6494
7440
2014
1656
6066
9062
7518
1812
2490
9760
2798
732
558
3964
3656
7238
242
3826
2862
8972
4560
1444
4510
5130
2604
3754
2320
2968
320
2162
3100
7534
610
366
3514
1520
7776
4562
8044
1864
3674
3022
1736
9506
8144
9446
7822
9488
7792
2830
6550
3950
9828
3102
2994
8900
2878
8014
344
6646
868
2302
5004
4836
4010
8884
3670
8878
9040
2120
5608
1964
5624
1564
188
8666
8832
1942
8712
7354
2952
3428
3892
3772
3976
6938
4726
9588
3772
5154
8842
2502
8054
7334
6184
6882
4698
2116
3140
6304
5128
5422
4994
4552
88
9502
6320
254
4934
2886
8644
200
1916
5766
3466
4930
3794
7124
360
7228
2706
9234
3938
9868
6936
1412
9492
6836
6996
6822
1834
7076
4630
7862
4114
7086
3344
6686
8588
2108
5058
680
9280
8286
8372
2882
2854
4132
112
9074
4738
4016
9814
3076
3570
1092
6154
3022
4852
1978
992
3904
6342
5150
9058
6164
270
6250
3454
3588
1576
5294
9224
8002
7944
9562
1650
1928
5886
1586
512
6442
5064
9054
7510
8608
2466
1330
8096
5712
1542
1850
7206
1198
9258
3246
9984
7044
5336
3698
3634
4174
6322
12
56
1552
6938
2676
9462
5324
5198
1808
28
1474
8764
2602
612
8994
98
2834
7696
1594
6546
4516
7724
6980
6284
9288
4580
9816
4064
7206
8290
5318
5020
6830
9126
106
4114
1990
2252
2692
7708
1500
6686
4378
2886
3716
6556
2116
3342
6620
9284
9640
846
8114
2944
768
5494
3268
5440
4706
3468
768
3892
8802
8614
1622
4120
1474
7736
1266
854
7036
2990
9510
8654
4282
1900
1046
5810
9178
6540
9470
2764
3318
1606
8914
1984
9348
5738
2496
4
4738
1206
6356
5794
2814
2496
1386
7396
4200
1412
6744
5684
9050
1736
240
4
3540
7676
1156
8290
6188
6936
8718
3962
8488
3572
1918
2930
5688
7754
4804
3240
8470
160
4042
2580
82
7338
5684
2980
7140
6944
9286
7234
2120
9596
7882
4094
3016
3076
4840
3512
5792
4130
7684
6760
6418
3650
4492
8834
8946
644
42
7464
2712
7092
8
1052
7168
3864
7762
9568
4246
7334
386
8160
4300
9716
234
1050
4278
4092
16
8894
1030
1222
2922
5332
8692
9274
4700
5854
1456
4654
8810
6948
4564
7908
3760
5288
6298
4146
2354
5706
5154
4402
4868
8506
3502
5446
9390
8924
9086
8488
1906
5448
1588
1442
394
4586
9532
768
3440
5174
3982
2310
8252
4726
1070
9086
3062
7048
9930
7714
8198
672
8476
2352
2666
1780
8070
5634
1364
2414
8928
4210
5732
2432
7228
3708
3878
5570
3716
8400
1776
9134
7012
7272
990
5572
4386
8840
5654
464
4030
4802
2558
1160
6270
2536
5286
9022
9208
2446
578
7898
2188
2968
5420
7148
328
8182
7958
1412
536
1194
9032
9658
4632
5202
9394
4946
5398
3004
3864
1224
4558
9776
948
3406
3028
2558
8474
5366
946
8462
5090
1774
8474
3466
1222
8014
6560
9374
2140
2436
554
1282
838
5140
840
1438
5316
790
9900
5532
1302
3258
4960
528
3220
8282
5414
3602
542
3822
9286
5450
4486
5476
602
118
8812
1736
7876
8464
276
9624
5256
3584
2426
4130
5542
8956
7818
9468
7942
3706
8104
3346
9152
5924
7344
1760
2320
6274
4742
7232
986
6222
8746
2882
4866
9486
6068
4430
7302
5264
3138
5732
4166
5282
2208
9940
3672
3550
7166
620
2606
2850
6978
9432
8380
5494
6192
9412
1836
8460
7010
560
9678
1202
9902
4974
5472
104
7080
5812
3712
6506
2386
3608
382
110
8850
9476
9374
8890
4496
5756
3532
4742
3194
5410
9050
1752
8456
5320
5084
3634
7706
7728
844
5202
722
5112
3834
6098
9178
8548
148
1338
5242
4270
3962
3852
5902
5448
8640
2822
7736
5144
4384
8224
8066
334
6504
9574
1496
9466
2958
3126
3520
6514
8228
5676
3662
5296
2862
3808
5448
5382
3008
2052
6128
7716
7106
3932
900
1870
2500
2372
3636
8348
1372
7376
5650
8156
9482
5688
2560
1238
8102
8498
3972
7038
224
6130
9058
2740
6216
4584
7974
624
7654
9726
4064
1488
2530
790
3788
1862
866
7966
5932
8870
9554
2656
460
9230
4402
1086
3156
2862
2134
8152
2378
3488
2698
4468
2778
6810
216
2834
2434
2246
8536
9156
8628
5110
698
1900
7570
8292
5744
7076
5824
1942
9618
1836
2402
498
2426
1062
918
2118
968
9018
9232
9148
5088
7502
9732
7352
5294
4214
1022
3568
4576
4578
266
3636
1138
3844
6392
732
7638
3764
2034
4714
1034
6450
1832
6164
5690
502
5596
1924
6906
2854
7934
9800
1640
4002
9612
7714
528
8110
6648
8342
3074
6698
3796
2380
8124
1464
9092
1304
6906
6176
3884
2004
6308
9290
9650
628
3360
2586
9342
7926
5310
8772
7144
1948
9124
1584
10
5976
2472
4566
6652
7424
1344
1040
1704
2648
7500
6166
3610
6996
6516
5184
2836
8180
7842
3008
6940
5944
2146
6624
4320
5996
6204
5192
804
1032
1320
2612
3202
2162
944
6802
9600
9878
9190
3736
1596
1358
5852
7846
1602
8908
1316
4572
4990
4722
6020
9610
6244
1402
5338
888
1618
2400
3614
742
3460
1428
6350
3052
7992
1434
7046
1686
5472
7732
924
9338
1932
9072
8010
7134
7304
3664
540
7902
188
7408
2924
3542
7216
364
7454
22
8850
5886
1252
908
5000
4896
2082
6526
7644
304
7642
3598
5380
8372
7718
4414
8952
9410
8884
7350
9232
3808
9292
8534
5218
2526
1540
4076
1134
514
6024
5182
9356
5416
4684
1578
9390
6628
3370
9590
2208
5998
904
3796
1852
7256
3440
8300
6798
664
5030
7910
5586
4484
7422
6754
7856
9762
254
7870
5790
7772
3054
394
3788
2552
2850
5250
5802
7076
12
6176
7480
1324
2070
5584
6100
7756
7994
5252
746
8222
6518
6042
9318
7404
9264
108
3518
8584
5272
7896
2248
4598
3330
2186
7056
1986
5918
9704
7544
6072
4762
2636
2862
8878
9708
9768
1282
1952
660
1086
6080
3500
2946
3222
6500
2238
3252
7548
6136
1368
4618
3720
6282
4152
5098
3322
4366
9512
8112
8792
176
7718
8450
4876
32
5184
7700
7340
7914
9096
6410
5592
4580
6472
7156
1292
6214
4140
5850
2286
5174
3530
1532
1428
7926
6728
3386
4322
8840
6572
3232
2446
448
9734
7366
1974
8738
1516
3042
2108
2352
1478
354
3592
9268
3296
7594
7402
4786
3026
6326
2206
2298
3892
8900
8792
3044
2100
4716
2746
918
90
6108
2078
4254
5576
7604
3592
3216
1242
9160
7078
9136
1122
2610
7398
9394
3424
3992
8442
5418
5996
2678
2870
3014
1996
8644
206
2090
5090
5266
2704
8418
1016
8282
1176
2716
9930
5268
3314
7788
7024
8250
9626
1974
674
2130
3958
7908
8268
2946
9646
3144
5884
9448
4306
9838
9724
9506
5708
9200
6418
460
9992
5088
3360
7856
1964
1086
6706
5564
576
2580
704
428
7490
480
5370
5600
9128
7168
2030
9108
6520
4190
2950
7510
5574
9366
1188
4556
9136
8826
9200
6328
9758
828
900
9436
3012
7054
5700
7520
3308
968
550
1298
7084
5262
1298
8034
8324
52
4894
1540
4620
156
7078
3254
5560
2466
5258
5054
5392
8904
9238
5116
4404
1112
4456
1038
1788
580
7804
6998
3332
3688
1940
8114
4442
3588
5024
7678
5492
4792
7930
4050
5056
856
5340
7636
7674
7712
558
2326
6796
7558
3760
3520
5184
8328
3494
9130
1080
1768
6778
6500
6296
6340
9292
1378
3238
4330
5894
3878
5800
860
8968
6224
1816
4040
1352
2736
1200
3264
2184
3322
2688
8796
5754
5470
8068
4736
2274
9144
8042
8680
2726
7302
2848
1524
1724
5490
1086
4492
5956
3714
8312
7932
2062
1656
5862
440
1894
5900
1786
540
516
4222
2776
28
3210
2822
3346
2052
846
5878
2272
8696
7612
4186
4850
6490
9208
6786
6028
1686
5796
9762
6832
2750
9390
3004
6776
5786
7194
2484
9792
2446
9782
3028
3706
3268
3050
3336
4570
9982
524
3836
7506
4006
7880
9390
5820
8204
2460
1844
9840
7556
9304
1242
6130
7712
1024
6512
4452
5276
4722
72
1904
328
5198
1534
2596
2038
882
6640
9028
4536
840
20
3372
8756
6624
7520
7800
420
4922
5610
7148
3576
3324
8948
2244
9172
7316
4770
2742
9928
6694
7554
7278
1988
5196
6878
3914
2736
2594
4968
6076
8278
1472
1394
620
4244
428
3624
2278
3360
4560
5730
3794
3244
6044
8056
5508
1284
1496
8214
7790
9490
2538
9680
3332
9438
9798
6190
1444
1150
2736
2690
1708
2246
6114
3466
330
508
2082
5946
308
7792
6574
5382
3688
8964
8648
7118
1658
7940
2128
9060
8946
18
8876
1566
2244
2762
224
2940
1436
814
4846
7400
7130
3906
8496
5798
9874
1394
7118
7736
480
566
9052
8326
1492
1010
6604
1706
9994
7470
1912
7104
3506
1174
8004
1978
6828
3594
2146
1960
6132
5890
4406
2670
9178
9450
6286
1122
634
7978
8880
1388
4406
3748
2696
9718
7488
8638
5612
6700
2238
304
1012
8260
9052
2942
8602
3120
3314
5924
8846
7806
2216
3346
754
2528
5158
5444
6434
5052
3550
894
2356
4664
1932
494
1168
2094
7542
6798
5710
9862
4112
5016
9308
1618
7160
1252
8546
7938
6924
2000
3768
8458
2978
2020
7564
1290
6578
7864
8518
2392
5632
1120
258
500
2912
8672
5138
6210
342
5588
6328
5990
3130
8588
202
2486
682
5468
5510
8288
3630
2520
8890
7704
6682
2650
3332
6980
2304
9534
6412
8364
3312
4722
1630
3222
9296
4300
3002
2206
1628
6694
8242
3280
5030
3082
4856
6736
5582
8976
6728
5230
4268
4924
4548
4224
4192
5772
116
9430
6600
4652
6398
4184
4720
8140
5180
5046
3518
2730
828
3800
7316
6108
5860
138
8406
4408
6930
7290
4698
6400
4444
9704
9334
8966
3318
1816
4736
8968
9904
2370
2764
6736
8070
2872
6868
4386
8872
3968
9052
6652
892
8518
3054
6960
5364
3290
2226
9070
4060
8158
6676
6692
554
8580
4930
6852
9930
930
1850
8134
4844
3370
4022
3116
4120
9548
9128
5378
5170
9478
9766
7764
7044
328
7514
1874
6210
8286
1552
5816
3090
934
8010
4438
8006
1676
6360
4248
7934
5762
1746
5064
4138
4538
3216
1240
8474
7966
1274
5116
262
7954
1332
2662
8984
1958
4996
1218
2836
6010
524
6308
6606
4640
3002
1392
5372
5912
9726
8286
3706
4302
5996
6288
3058
8800
4254
9620
4084
5206
1270
1244
6644
5322
4880
2482
5656
492
9698
5056
5458
2216
836
3454
4228
3154
6122
5550
3984
9242
2032
3012
3936
5872
3114
2166
6442
6700
8242
8178
9518
2286
5444
1334
4684
7004
2278
6862
828
1100
3098
7784
8156
750
66
9690
2240
416
2076
1518
7700
3076
7324
8746
2146
7458
4578
4352
8064
9882
62
2894
4952
7814
3316
5382
5224
1324
1894
6712
7770
5280
3228
3018
2978
9506
332
6508
656
934
1872
1418
4792
6488
3214
8460
7184
512
5308
6888
9172
110
8274
5242
8220
8988
4044
7960
2594
9804
2158
1944
3412
232
1866
2522
8534
1382
7616
2030
5650
6696
1916
186
5590
2458
9946
8476
8526
9208
9632
4128
7272
856
1398
8394
5392
918
388
9002
2892
1546
8968
5186
3074
700
650
3668
7514
1792
5064
4832
404
9920
240
9536
9392
4976
6262
8168
4770
1420
168
712
1320
3860
4512
4606
638
9934
748
8878
3060
4870
2304
6110
6898
9184
766
3746
9602
710
4278
1860
3756
3220
5538
7976
3584
1186
6404
2674
4178
4970
3094
630
9882
3022
1462
3730
6124
8308
3242
7470
5376
3394
2668
2836
8836
7476
9730
2688
4472
4168
6394
8820
9476
52
5180
112
7844
3542
3184
2840
794
9226
9630
746
7814
1872
6416
6772
2460
6036
8882
244
7982
3076
8742
2062
616
8498
8076
2892
9142
5436
684
8966
2592
2538
7164
6780
8702
7480
8126
5526
8684
3810
7830
2140
3478
9840
94
4574
3384
8110
1574
7664
8436
7836
464
9512
6342
8518
186
8170
4270
6360
8214
4638
4586
9956
8748
2260
4882
642
312
5978
3974
5158
6162
7424
6662
9910
4000
3836
2472
7706
3824
7744
6870
4524
6304
424
2692
3972
266
7492
8586
1742
9146
2966
6412
2710
5994
7338
2600
9738
6632
2698
3850
8398
1880
1380
3154
3670
1980
6222
3560
1234
9118
2430
3432
2082
9108
8026
804
4740
6248
7838
8964
5966
8312
8778
8902
7660
1064
5330
1096
6334
9378
9690
7898
5634
6124
8944
630
3740
8136
442
3696
2478
3718
4912
640
8306
5216
4204
6620
9940
3334
3146
226
1214
1894
7616
8808
7108
3530
212
5324
3866
7576
9556
526
6630
9478
4370
1708
628
234
7048
720
9052
5080
2448
9224
9808
8622
6072
4940
2608
776
692
9098
806
8312
3740
5552
2390
1574
9714
480
9602
3128
6876
6086
2622
4264
124
8064
1822
3976
4642
5402
9610
7586
3230
1758
3584
4034
2774
1516
2096
9534
130
3042
886
7504
5230
5548
8080
7256
1648
4018
916
1558
3474
3882
6498
1770
422
3254
2086
1368
5960
1666
2290
2264
8202
9474
6712
3850
5044
3424
9960
3388
9592
5880
1180
5432
4746
5382
3846
7006
8836
4798
5914
3512
2950
3874
6170
8654
3250
8582
3214
4944
6586
5358
7646
80
4632
1374
1950
5138
9546
6070
5220
4456
6494
9254
9442
2356
1302
3760
3698
4648
3360
5676
6886
2798
9964
6300
704
500
3334
3308
3588
6488
5070
3164
4122
4666
3578
6202
8518
3506
6450
1286
6450
4356
1178
2164
8912
6768
3952
2896
8004
6460
4896
3248
7036
3012
776
6504
6858
6656
6072
4970
3358
6176
7398
7422
9400
6204
5052
9656
934
8478
5832
5198
1930
8010
9480
5646
7446
7426
7236
2752
9150
4338
2004
1084
3312
1090
6982
4356
894
4090
6058
7920
6818
7446
1618
3818
392
8378
4462
8390
5886
9728
2374
4622
8446
7560
5414
4656
1650
3620
332
4720
7916
2286
3456
7062
2926
8946
4744
252
6656
4912
9520
9664
6118
6926
216
2016
8288
418
5180
3174
474
3786
9522
8742
8140
1040
7582
1912
6104
1114
9016
1064
6390
9134
4706
3878
1884
2536
4546
2078
1356
8916
9258
7378
2024
6480
7054
9656
6926
4824
9096
2138
7960
1552
1576
6242
6134
1088
4886
1618
2414
162
9534
9564
816
8666
9850
7340
6918
6064
3972
22
12
4642
6262
7986
1644
2048
6784
4542
5100
5286
5678
620
5914
5274
8332
8960
9510
7872
6700
5534
9314
4782
7634
3460
988
8986
1744
208
1490
4582
6970
1634
6530
5824
8808
4446
3078
6298
5586
6214
3572
2492
8502
7132
4932
8112
7220
3196
7840
3966
1358
1228
9806
3538
4378
9314
6302
6518
7166
9004
7824
9444
4438
6238
9324
3102
5382
5540
1376
532
3602
3806
4312
386
7670
4314
7220
366
4694
5824
7304
5268
6256
1206
3396
6406
1022
1402
8630
2784
1902
9302
1282
4038
9050
6830
9216
1876
8516
1424
2746
4768
1020
8140
6744
4272
6422
6260
8100
8720
3822
1376
2146
4348
8244
3278
8950
3938
1512
4626
4552
9594
1050
7392
4590
6568
3478
5342
18
4680
8986
2290
296
9050
6416
4110
8716
2342
8542
1810
9446
2538
54
9270
7892
376
6872
2456
5656
6732
6922
9170
3118
3516
5560
7072
3384
7726
6522
8110
4102
88
5026
6200
3222
4368
8386
9786
4026
8798
6018
3640
6062
4870
924
9736
9258
2344
9486
2354
2176
6036
9872
9886
796
8400
3728
6348
5732
7812
6170
704
5588
2120
5550
4502
2192
8306
3182
2134
3352
802
2844
2400
3036
6678
5558
3838
8042
2790
4114
8042
4968
9482
6014
2590
8798
4138
3348
4450
6794
7916
3512
7672
9956
6720
7472
6140
7288
8778
3118
446
148
320
2806
9330
4718
9214
5838
7554
5922
6960
5658
9984
9030
2094
3950
6718
1050
1496
9316
1550
1236
884
2710
5894
2488
2980
926
5486
7342
9656
9244
9642
8844
428
4250
6020
6738
3920
5524
6836
2748
6472
7442
2048
596
5532
6268
7736
2146
1632
2226
6916
7994
6718
8014
7740
5380
7052
6874
8974
1986
6402
9606
6196
8756
4876
6932
6206
8714
1278
2306
2608
7250
1306
2468
1788
1410
2440
8606
4656
7874
2662
5894
1694
2500
6090
2540
1442
8318
8552
8716
7214
1534
5930
4920
5444
348
5780
7268
1648
2230
9952
2626
5930
5298
7358
9886
4454
4278
5714
9908
8476
4750
5610
522
1054
4158
1606
6362
3198
3208
9132
4260
2008
6702
912
1096
1830
4576
3264
9728
5780
3070
8156
9048
2918
4822
8402
4374
1358
2502
8166
7400
4914
6554
5020
2810
5412
4910
2052
5616
5436
7956
8524
5280
3010
3774
2040
2024
2500
5816
8222
3246
1356
104
5728
5772
2354
9354
7522
9664
4544
3778
3388
3884
6836
2466
7460
6846
7256
9196
7390
6204
5890
794
8598
414
5460
8316
9892
4194
9570
1348
932
8504
7850
1158
8412
4808
8632
746
634
1290
7622
4280
9174
1838
7826
6832
9292
6560
2944
4104
6872
9290
8498
9068
4156
2084
916
4482
532
4264
2666
9588
162
7582
9178
9088
7160
160
5140
6366
8786
5900
4824
8770
604
9724
3526
6348
3306
1090
3076
8582
7884
8406
1208
7750
9340
5684
6264
2986
3450
6206
3796
538
436
4306
2678
8298
1090
6138
8384
130
2730
1390
8222
7454
9124
8892
4560
3054
6390
6104
8348
5428
2448
2104
212
9400
8952
800
5172
6718
538
7108
7310
9972
7622
3848
828
9482
3662
1932
2440
918
8208
2898
8990
868
1082
8942
3048
7036
122
4898
9090
8942
1498
3922
1624
1472
1894
3596
8612
2594
200
4510
7188
4846
860
1026
2400
1980
2804
8382
7660
7108
5220
6096
8846
140
9702
4350
8384
4408
7166
3836
9994
5716
7156
6054
8914
2186
5024
1612
2466
964
7500
4526
9970
8140
7130
4826
6082
7904
5556
2436
4642
1256
726
5086
2704
96
9238
6812
8182
226
7100
2292
6990
9522
8548
3106
422
5298
6294
630
3110
7328
4768
4568
3554
9992
6832
1064
1848
8088
3136
9892
9790
5796
7964
1992
9518
650
9522
2178
6948
1552
56
9276
2456
5328
5912
3206
248
2504
8596
568
6786
5082
8938
4752
1266
3784
704
4964
8292
1652
5182
234
814
8850
8512
7706
488
7716
6218
2856
1674
742
8072
926
4086
5968
1646
9262
8338
6580
2482
6418
2618
3500
6910
7950
9072
3652
7072
3048
5388
922
1236
582
4898
1918
6890
2856
182
5690
8682
6874
6910
9300
9466
2470
7586
3586
5468
6380
6102
1020
5872
6124
5744
3470
7768
2714
5876
512
4800
5262
8996
4072
834
460
496
1214
4196
2586
4658
1820
5914
3146
8402
4458
2604
8874
5556
5476
3814
3576
832
9132
2550
6234
7452
9950
3612
4638
582
4388
8694
7236
3188
2758
2314
6490
2194
8808
8654
4780
7738
