9253
2363
3453
3055
9733
6657
8075
1565
4557
9921
3553
4887
2485
9503
3611
4587
1437
2855
3215
6663
5235
5953
8883
5609
1071
1055
5453
1115
3827
8559
373
3615
4405
2571
3
9259
111
2469
3309
955
7329
4895
2053
7443
805
6169
4275
5943
3091
27
2759
4843
3245
1277
9637
1757
9641
9243
7677
8757
767
4471
1151
7867
401
9541
5601
9733
4719
8577
9289
7467
2371
6303
8283
8183
7799
4303
5073
861
3843
3623
9775
7345
267
5877
5365
7093
2659
4319
4289
5567
2593
7005
3963
5337
7027
1643
1929
3509
5357
7405
6855
6207
6625
3767
55
2045
1445
5027
2899
6925
3119
7483
4793
2241
401
4359
3901
6071
257
3663
4601
1581
1609
985
6869
9725
7073
8633
7625
7645
3911
4337
5469
8469
3011
6255
7631
5165
1061
1901
1571
3711
7819
5067
4197
2067
5187
9225
3463
4365
47
6703
2655
6319
8845
1033
3519
8921
2041
9379
4569
4975
6531
231
6259
5927
1645
3243
2405
5209
1837
3869
6879
3049
2609
99
6007
9883
5013
2103
2005
4847
4199
6771
9247
2523
7559
6537
1201
7763
5999
3271
1627
6865
3619
7353
2329
4123
4965
8071
3875
6085
3121
9019
7811
5017
7069
3799
9369
3525
673
437
6911
4147
1473
6961
5111
5253
965
4497
4765
3251
3281
9047
6103
1911
2341
8109
7719
5621
2361
3845
5447
1041
7853
2431
8607
303
1715
6497
999
731
3679
9753
2023
2679
9741
4665
2997
7913
9925
3211
7595
8849
2755
1747
5555
1847
7847
1709
7481
3961
7709
1945
597
5075
8115
869
1835
6017
69
5929
2501
9303
7517
3889
8681
1875
985
4283
285
4561
3113
2961
6855
5355
5323
3705
4553
279
1667
9111
8213
5987
8087
9759
8275
5481
4213
9335
7911
9439
2783
9331
135
1277
3313
6873
3983
9991
7293
4711
1189
6101
5143
3665
887
3539
6347
8713
9825
1583
8601
279
7607
1403
7741
8673
4029
9733
9809
5479
9025
5313
7423
1565
8965
6093
2881
9359
1009
7771
581
6809
8383
1769
5469
9637
5253
3847
8631
6263
4703
6145
5553
4663
3497
2871
3611
5987
8913
8489
2807
5137
3777
657
7321
467
3187
2803
3391
8849
7131
4489
1
7439
7039
5599
1353
1379
8147
7513
9551
641
5713
2591
3139
5587
1015
6215
9813
4173
7439
2047
5485
3951
1979
4865
9289
5649
5897
1483
6649
9741
9907
5385
5647
3843
5183
2497
9587
871
1177
5875
1535
1815
7565
8083
1453
3453
3559
5845
2093
4955
6511
485
8823
2753
7027
841
739
6945
1417
3543
6585
4067
8079
3879
9119
4145
7897
4307
7713
6395
9235
9725
4391
2997
919
7303
9607
5179
6579
7255
81
3807
9301
4473
3629
2639
7741
6071
5035
9667
6891
5147
7323
4953
6241
815
6197
1101
7699
417
1015
8101
923
9785
6293
6121
2911
2979
6967
4945
4607
7129
135
5305
6183
5379
7945
9717
1841
1819
8079
2653
2719
7977
3449
1403
6749
3763
1175
6235
1997
1793
5985
3661
9773
3165
2811
9627
4493
2989
4225
9661
5483
9199
1193
8105
6335
7605
1849
7259
1021
263
1055
561
7845
7103
7905
9289
3333
8453
9059
7791
6761
3897
3909
1597
8323
8705
459
45
1755
2147
4173
6995
5419
1889
4663
3907
7573
6193
1629
7677
1263
4247
6383
3767
9453
8733
9749
3557
4809
33
8093
631
573
5151
1941
8699
6743
4273
9543
5993
3995
1373
3811
3815
2089
479
1753
9845
4023
749
4155
8479
235
4147
4169
4635
3385
5177
35
5287
3631
6497
6281
4513
8527
7353
5823
9663
8673
7763
8285
6611
509
1189
7963
4507
3815
1675
807
3103
9713
2677
3277
5347
9725
3001
5381
1009
8863
971
1743
2227
3717
6483
6013
2187
6069
9371
5439
7335
1699
8441
5457
435
9951
2299
2029
6303
5941
7799
245
4477
4233
2225
9609
2833
5153
5159
9957
8963
7345
3709
865
2645
293
1881
3767
1161
8843
9397
6957
2033
5847
917
6315
9329
2761
1753
4897
8275
5423
8655
1143
1021
1337
9355
7633
7571
6079
1591
8263
1003
4937
7619
9897
3705
7139
1525
5545
2913
4547
7243
169
5721
7575
8831
7483
361
4577
359
2991
5311
4843
8677
8415
5765
9607
8587
7147
6947
6123
1853
8845
9333
7759
189
4607
3553
3009
8531
9819
3595
465
7657
7831
1219
3365
4345
8853
6655
9705
6213
7083
4757
3035
29
6043
1623
1807
1667
7829
7163
6529
585
5577
8973
9609
8507
2353
8653
781
1889
7221
6167
5595
5241
2347
139
6921
8165
7695
6729
9275
5281
9141
4367
8117
4549
1347
3029
1369
6889
4455
5441
7791
3257
6855
893
2609
5805
1815
4389
313
8655
2771
5835
4361
7107
4285
5163
3739
1559
7607
2611
575
2751
1741
2473
7091
8315
6735
4383
155
9119
1509
5545
555
9755
359
3585
2469
503
1791
8701
9673
2611
139
4217
4625
5051
2357
6173
9451
8427
3735
913
6597
3765
8623
5927
3837
2071
4357
3159
7355
9479
511
3745
171
5151
5935
6171
5457
9049
7817
7317
6109
3569
9245
6653
6697
7091
4887
8063
1441
9367
8119
777
1813
4189
9627
367
7339
4931
4129
5797
3421
9949
3717
6351
8983
7353
6339
8699
8137
207
8461
8627
6467
1889
7399
4605
1481
3033
1247
3619
27
1719
723
1283
7785
4689
2455
4763
6563
5841
9369
287
4857
3543
1897
5659
6007
2975
9727
757
3973
1217
489
5909
6807
9289
45
833
6541
797
5283
7839
1661
7455
9371
3487
6715
7291
9885
3087
1365
3687
87
1305
7127
9861
7705
9093
7271
1619
1509
8103
5937
1207
583
7691
795
575
7239
3655
145
5255
5187
6333
4913
4389
6767
4861
7493
459
2361
9453
9205
7253
4363
6125
1035
7859
8979
6391
4051
8687
1513
2921
3515
9067
9439
4633
8539
5381
7223
147
7487
6643
3951
5939
2541
3751
4469
9265
79
8335
8609
9099
8659
8687
221
5647
4683
1307
2093
4785
9399
1107
3827
8743
4105
6705
3045
4329
8029
3903
1293
9507
8263
7559
6111
8071
3491
6561
8807
2417
381
1469
1759
9711
9455
6749
5017
1171
7751
9381
1335
7853
7593
2773
9799
2271
5279
7257
2109
5173
6089
5915
1489
2409
1057
4185
4703
497
355
3957
6719
149
931
845
2953
5457
3421
2663
2531
3953
6061
967
7113
8331
3783
9453
3101
9265
1135
823
8439
7903
5379
4245
7673
5111
8057
9031
3495
3643
1529
9443
7321
1697
7361
3477
3239
4735
1083
8323
5207
5105
4871
3835
5861
5287
9165
7465
8529
5627
9019
1237
3003
7403
6405
4367
5867
8159
3765
1827
8497
6401
8883
9201
1159
8597
3643
177
1779
1121
9313
1049
7253
6835
6937
2559
7773
1959
7281
5009
3723
8963
3485
7157
3577
3619
9503
6227
849
1629
3237
4273
2961
2483
8547
7133
8439
7635
5657
7107
5397
1947
5673
7537
8429
1961
1327
5641
893
303
9197
7731
9145
7003
2465
8881
2833
2311
347
2199
685
1153
3293
4489
2835
1575
2871
5143
2533
2295
4953
2769
2619
3441
6493
3555
7755
4557
5491
1491
8519
6987
1487
3527
8901
4539
4557
8971
8369
7441
879
9817
6653
4933
5057
8633
85
6443
727
1595
8871
9851
2159
6357
4531
7855
549
3583
1653
4069
3193
9749
2073
9807
3307
445
2177
5317
8521
9441
647
6483
8795
7309
1131
997
9111
1269
8077
6353
2597
7161
2841
8171
4003
1745
2899
9075
6337
4523
7499
2487
2323
8705
7511
8693
411
7073
7857
2261
9539
4641
3043
2165
8089
5981
645
4395
7483
9329
9975
437
4673
2605
8347
935
2883
6851
6569
2041
75
213
1189
779
2823
4707
9759
4337
7235
3163
4405
441
6239
6881
9087
4431
2533
6883
6095
8877
5799
5071
5121
1013
9457
9731
9847
9417
7163
3007
7573
3227
489
7769
9499
3413
1967
2521
3343
1279
7965
741
4909
3047
9347
5317
8717
7705
2879
7791
1573
2971
2789
9937
8207
711
8901
2363
3311
4823
4739
8999
2999
4269
9799
531
4573
7761
7373
1721
8157
7495
6751
3739
4359
661
8969
1475
4123
9961
2837
4435
7633
1981
2397
3889
9741
4785
5
4753
6623
511
7881
5679
4545
7367
7189
8719
857
7103
1081
4247
6091
5059
8611
6977
8627
6189
1929
8737
1137
9705
2699
5229
4863
4765
9435
637
9567
5957
8097
3973
1019
4339
1185
5733
1849
6589
8975
2071
7513
6863
2675
7715
6093
1453
1537
7395
8587
1207
2761
6093
5597
281
4843
5135
715
115
4043
4165
9459
8919
8957
2937
4017
9475
2625
7125
3023
7731
4233
4127
8379
3913
6605
3979
6213
9701
4027
7583
621
2829
7273
1691
5049
5143
9957
3881
5775
3073
3489
6609
7385
3509
8833
4385
741
1703
931
4935
8263
2843
4261
4335
5553
397
6981
9921
9681
177
3777
693
9591
4261
9853
2881
2267
9749
9539
4955
9953
8599
6417
9795
577
9583
8137
3935
5493
2469
3075
7269
2605
1559
463
9307
2575
9397
349
7871
341
8357
1287
1933
5277
8397
4527
7537
3289
1703
6447
7367
6011
3597
4239
4661
8961
9235
5207
893
5247
7259
2705
4461
8439
4301
4285
4453
6317
6497
7275
1023
3775
9209
4401
7571
2761
4693
4521
9337
7059
7503
8961
2891
2923
6181
9429
4723
117
1015
1263
9077
247
8937
8309
1163
9859
7803
6411
1859
6755
6969
4655
2715
443
9775
9543
7081
6299
2549
8401
3593
6869
4295
9693
9407
4157
6755
7569
7979
4605
1879
8381
529
4993
8793
3565
361
1217
9901
4573
45
2931
5019
7845
4337
9021
9195
1503
279
6823
3265
2217
5485
3839
1597
6561
2443
1151
2301
7481
6269
3265
447
2259
5923
4565
3265
2347
1617
4255
949
3967
9061
5437
7585
5147
9689
7957
9209
2265
6735
4323
7403
9105
4337
7711
5069
143
9649
3765
5601
897
3679
4801
969
701
9285
4351
8431
4929
831
1537
3535
3001
5077
8581
2369
8671
3511
6291
2381
4511
5851
3655
4245
8823
1569
5787
111
6841
6505
795
9747
6141
2275
7539
5287
6173
6019
5427
4503
2567
1369
7651
4519
481
5715
507
745
3511
3577
6701
9983
8609
7299
1511
1019
8105
5217
4783
2233
1375
2059
1599
9849
3553
3033
4955
3521
5949
7151
5927
6265
9883
5897
8617
2939
281
6983
1723
467
8221
6103
7435
3095
41
7457
4699
7937
75
355
2161
5677
7911
4835
8763
8449
9627
725
99
7855
8569
5611
7983
9067
3529
133
6439
2709
5311
4249
5415
6915
5797
8113
7159
7387
8771
9037
8629
9345
1957
5941
6867
6189
6139
1723
453
7767
8417
7371
2913
8987
8933
1987
8545
8451
1675
6175
3771
73
3233
3199
3997
2599
6287
9311
8161
5835
9017
6151
9903
8265
8379
5769
4753
3409
493
7965
1949
9887
2729
8073
4743
5399
5959
8089
8187
6315
6419
1741
9691
6563
3949
8095
1225
1375
3797
501
4789
8417
2631
5741
9349
6513
3913
4783
8295
5993
5207
2361
985
4923
8305
4487
189
5291
7135
6123
8425
317
7805
6735
3567
3757
4375
7099
9519
4745
35
8591
3355
9911
5749
8719
4435
5591
1327
4891
7805
7687
1861
1919
2375
2567
3883
2717
2991
7943
9693
2931
6503
7383
6449
8431
4215
7723
5121
3891
5369
1203
4295
8409
5251
4327
3601
6093
789
9881
8585
63
1951
3929
9135
9201
7455
4927
2729
4423
7879
3383
1727
5793
2245
7913
4565
5847
497
905
8283
6611
3305
8417
1139
8223
2669
8205
317
8595
4713
2533
687
521
1565
8835
2773
2419
9665
5307
7903
903
3211
173
4449
917
5567
1901
7657
3631
95
7843
3457
7677
8695
6561
8141
5153
9907
4983
4775
6681
5953
4527
2875
3365
3829
4401
2275
8441
4463
835
5273
3027
101
4131
3943
8927
6353
7793
4753
2601
3835
2635
307
5633
3577
3897
7801
2983
1871
4077
8521
7879
8697
7899
4373
9973
7773
3545
3659
2197
5397
1763
9683
5565
5763
9959
3685
2595
8061
6953
1917
9225
5941
4927
7087
677
5985
1387
4107
4093
9517
8231
6299
7241
6231
9231
6773
5765
2989
1835
2105
2141
7991
4743
1881
8487
1181
3435
3801
5161
4167
7437
7019
891
619
5721
879
5535
7705
6543
1515
997
5073
9107
7935
7839
7901
8243
4069
5611
4907
3099
2247
7973
1817
2869
5735
8099
3083
1043
5845
2763
793
3895
6589
5419
1935
5577
7519
4573
4697
1921
7511
345
9291
9251
8731
6459
6019
1177
6731
7793
2173
2259
5875
4159
9605
8349
8315
9289
5241
4747
6819
351
2199
729
745
2519
3055
3537
4081
8899
113
9447
701
9711
3359
5803
3313
7291
5531
9231
6379
1095
8405
8911
4653
9235
2973
4135
4565
1911
3837
287
5377
3055
5657
7817
5029
3553
5755
6641
2467
5417
4237
2253
8397
73
8179
6237
7923
945
7471
9543
9225
2069
7431
8291
3001
5853
5301
8665
4229
1797
677
3137
5697
631
9689
6361
8017
5161
8607
1677
5605
6651
8319
3109
5771
8749
3271
7769
2945
7055
3895
4393
5419
539
6165
6705
7537
1743
6981
2343
1151
2423
2707
667
8131
4579
8117
9721
4493
383
1881
7375
139
3017
5885
9045
2449
9973
8707
3261
3039
4857
6031
3123
6761
1473
1163
4673
3355
7827
7823
5641
2733
4611
4475
651
9961
7335
665
8909
2795
6409
1351
1999
2559
7865
4801
5515
9115
1831
7625
5977
6669
4843
7249
5091
4999
9775
1447
5687
8571
3093
6679
9889
3163
5643
8089
3349
2333
1173
4483
5797
2095
17
1549
3033
9659
3385
85
5175
6623
9323
8749
7181
3727
8261
4047
8215
8493
3201
137
5159
6557
7647
2581
8865
797
3043
1739
2935
6671
6517
6161
9895
2269
2967
5181
8707
3985
9883
7955
5033
1221
1815
6035
5147
3753
2151
8493
469
9511
2089
5503
3605
3605
741
9493
2367
4955
7229
873
823
8113
2419
5415
2853
4293
595
9729
8669
7367
8927
4483
8083
9981
9485
107
4177
3469
2983
3549
6749
683
9999
2275
4327
6375
355
5293
5617
183
8155
4117
3241
6825
7707
4553
8671
4877
2805
1021
8863
2975
113
9271
4517
6071
8377
2347
3079
589
6649
7879
147
6351
6447
8319
2901
2363
5601
1293
6555
4499
2691
5201
6351
9375
7527
983
3377
3371
1175
7939
7949
1015
1395
6165
4491
6887
2255
1757
4907
8773
171
2963
2089
5143
2991
9715
3695
2011
3355
821
1373
3931
9707
2549
551
1825
1161
2507
4289
6395
5127
9477
1793
2843
3825
3367
6813
1345
2371
2687
5393
2053
687
8987
1151
3047
7851
3257
8577
5867
711
623
5529
8731
2091
851
701
9701
2781
4039
2293
2791
5343
929
7725
8141
1093
1357
5829
239
6783
5895
239
1439
729
5331
937
7353
9019
581
3367
3755
1593
4241
1505
5029
3407
4237
9171
2697
5271
5165
2731
161
2065
9615
8587
1353
8375
189
3383
2469
3057
5229
5481
41
8787
1855
2857
5117
5391
7369
997
5527
8611
1259
7311
3555
6341
4161
3383
7945
1687
2023
2969
8115
7819
561
795
5969
1545
4509
7801
5307
1859
4987
9425
9539
7075
4955
7787
3075
5473
4333
2635
6047
5051
8479
9075
9355
8191
7757
3999
7491
1605
7673
3261
877
6769
6063
4043
9709
4011
9467
1199
4575
4453
7169
7923
2655
3243
4453
3871
9239
3533
8355
3729
8219
9675
9797
2527
991
6409
3607
7457
5405
4029
8047
7061
5447
2409
2019
6397
9369
4105
1371
5073
8715
8661
6213
9457
4011
6473
7699
3155
7853
741
9743
8623
9731
2771
1941
2989
307
3837
2365
5649
6533
899
843
6685
903
7651
1063
9179
1069
1443
2277
1907
8065
9525
7891
9691
4623
3305
8609
2729
2941
2769
2945
3097
1135
8017
3035
9687
4333
3959
6129
1377
4977
4625
5331
4835
4603
6299
2413
8989
9925
3525
8481
2917
3483
5655
5563
2563
719
5683
9095
1143
9355
9437
2225
9275
6047
7983
7717
539
6701
177
7923
5719
2371
399
3847
9013
4809
9461
8509
8917
7137
6953
7027
1675
993
993
7863
4133
8941
5963
5669
8091
307
6721
7093
5019
1525
3817
9699
8107
5971
4269
5305
6139
2895
5523
8005
1869
7613
8443
2143
7357
9849
8975
2803
8637
7963
1267
5627
5185
4149
9015
3927
7979
901
1681
755
3955
6167
1187
5041
567
4837
4581
6945
311
2243
1211
409
8283
5845
3761
5869
159
103
3061
5423
4537
307
3115
1321
2265
9223
9527
5637
9681
5735
4441
7637
9943
5773
9907
8793
1849
7961
9377
5561
4111
6895
4901
4641
7101
5093
8779
7625
3513
9865
437
167
2085
2293
3139
603
3731
6819
1377
8195
2931
4107
2723
6877
8859
4065
8807
7233
1069
4885
3327
8391
399
4973
3041
8049
1089
7139
4839
4881
6545
8667
9033
8843
1861
9615
5155
1877
8733
9229
2137
5671
7265
1789
7071
8239
379
1539
6963
9949
4049
1161
8057
3713
6165
9603
6579
8451
9155
4831
5861
5595
6197
847
1429
6585
631
7955
8725
4953
1101
6577
2393
2023
9095
479
3417
735
881
5619
9519
5893
2049
1179
5627
6053
2663
8299
3283
9415
8873
8263
6163
7971
9799
5839
9769
6015
363
9795
123
3137
6007
4103
9291
51
1115
679
65
8903
4153
2569
6483
9237
1605
2659
839
7765
2733
9689
2461
6505
967
609
6281
3115
2787
9885
4467
169
5209
4643
391
8315
4419
6757
981
6111
8695
6509
8707
2789
6985
4053
5131
5621
3469
6843
7075
1145
9685
2783
6729
2087
7391
5391
1339
4211
6635
8035
9913
1131
5401
8005
6697
867
4991
3003
9391
3617
9905
5707
5453
285
2953
7109
3361
4219
7679
1137
3845
8719
6377
5713
8201
7935
4785
8359
1277
8493
1387
8393
6575
7853
5515
7371
8959
8827
8271
3691
5413
2247
1933
6363
27
4773
9671
2569
6373
9831
9759
1815
7823
3799
1641
6945
4475
8695
89
7677
65
3729
8317
7493
2749
2991
7895
5133
6833
3953
8027
6131
611
8561
531
3453
8947
9191
3089
4679
2979
975
7487
9265
7447
9351
7665
9509
5773
6489
4401
4029
5535
8653
9389
7229
1077
5293
9675
6757
4931
7705
481
381
8227
8595
2237
1063
2049
1607
2461
3423
3897
5489
4265
9181
8073
4265
2337
6045
5133
6729
3787
6211
3309
6281
5265
9689
3909
1195
4231
5567
8957
3767
4135
5825
7199
7263
2865
1575
4981
1339
545
8503
8345
4397
8069
5973
4155
9249
1849
8139
5611
7851
7695
2617
6737
2283
6001
7861
7541
555
6601
9253
5847
1693
5209
6709
8577
4405
6713
5243
861
2927
8049
1269
9505
137
479
8925
9019
9843
537
9007
8213
6453
2683
9501
5219
9743
7505
8383
3831
8299
4283
2625
6187
5717
3019
75
9193
4451
1433
3157
4913
3647
6565
4385
7297
8859
3305
7421
2199
2521
6035
4515
3437
5319
4431
6529
229
8133
253
5255
3155
4729
7093
9543
4173
7169
6983
6969
9303
9453
7293
1807
7711
5753
1029
5203
6695
2791
4699
1919
5047
4697
5057
2189
9769
5521
317
8737
2361
7197
4195
5675
4553
2399
7165
5437
6747
9511
2263
1875
7997
8441
3851
7605
5161
955
6649
1409
5623
5969
5865
4513
5373
7729
4109
7971
2865
9899
4341
3067
6453
6351
6073
977
8971
161
209
8529
3523
5037
5719
177
6827
4439
9757
9177
3885
6177
1939
3703
257
7133
3993
5379
3239
3005
3547
4389
1689
1885
4091
3113
2903
9149
663
5447
3829
4245
3257
9033
1713
881
719
1787
331
6969
7463
3327
5273
7037
7731
6187
4253
5673
2487
5925
5089
7739
7945
6377
7543
3993
6417
3379
3853
6611
6187
605
449
1999
3773
2747
487
3859
9727
2467
4161
1123
2771
1439
6869
2029
7557
9233
7221
7865
1857
71
5931
765
2091
9941
3917
6157
3843
3853
2459
1407
6853
8239
9297
8075
2929
7109
4467
9719
7679
7499
2967
3121
8059
7263
1115
3067
641
4433
8291
2145
7449
2319
6165
1751
657
9335
633
1349
5477
6767
7655
1887
8425
5655
4143
2427
3809
6003
4969
7879
4181
125
7107
9713
233
5179
5829
5459
1989
377
457
7049
4303
4151
9925
8081
3391
667
5357
2477
6749
4663
5737
7479
9229
9545
6155
7913
9517
6805
1425
273
1759
9031
8623
1209
2365
8895
3939
7739
2165
8587
4473
867
4039
2783
6887
4105
4371
857
6611
7441
891
6525
2057
9665
7721
5507
9741
2081
2733
3747
9913
8983
4605
7769
1087
6177
3963
8235
5239
4769
463
3535
4589
6487
2755
2407
1025
201
3083
6329
5209
3453
1569
1591
2361
8309
821
4829
1951
7211
8231
751
5323
519
1703
8569
2717
615
529
2621
3699
4967
1345
4473
3451
3317
6373
2523
6629
6233
6743
1797
1891
4915
6857
5035
6065
8445
7957
7137
833
9023
3251
2641
7935
1523
6383
2725
4951
6081
6845
2275
7821
3175
7777
4003
1397
1365
725
8269
9317
6405
7201
961
1119
2187
7445
2851
2843
2273
6825
7705
7011
9121
461
6085
5453
9417
9375
4551
9323
4193
1423
6281
6507
3389
7577
7211
215
6259
3669
7869
5057
7921
3685
5783
8997
9389
8295
257
1723
8669
2945
3571
8113
6943
965
2629
5955
7865
7869
8433
1185
1095
3793
1945
7573
1387
2907
3785
4667
9827
2069
9253
4349
5171
4561
4959
349
1379
8695
4985
7103
6069
1943
5307
8825
5189
6421
2327
729
2019
7611
9667
8591
4233
693
4253
559
6849
6793
1897
5375
3899
8703
9921
3625
8851
383
833
8343
7431
1181
7929
2129
687
8311
3737
5637
117
843
9895
5389
6571
6117
1915
6775
8719
1559
3525
9985
8173
9085
3001
2815
1481
2553
7417
2705
8533
6223
4753
8691
87
1547
1937
1549
5087
9129
6867
1613
4661
647
8195
2703
6983
3559
463
8435
8243
4741
2735
4293
9811
6557
4581
9741
3043
5561
6691
8341
5113
9911
545
2605
6449
3825
8917
7819
7691
3287
481
4775
3697
4967
3725
4295
5611
6653
3071
5487
5349
6837
159
1701
87
5731
9003
7707
9663
8547
1485
5453
6837
2443
405
5363
3007
7361
3697
8343
9707
7897
5303
7689
3475
3609
907
2383
4811
3993
2509
65
2999
8209
9515
4715
7091
8597
7263
5251
3369
7447
7533
9115
6987
5675
2611
4239
4295
8819
4865
6461
9195
1417
5509
7363
3285
1371
2669
3199
4809
4049
6625
8393
9281
1587
6719
1795
79
2879
6451
8277
285
4695
6661
6757
6175
7029
1203
8237
8035
7333
7887
6325
763
5919
5239
6349
1217
4681
3133
6543
2645
3153
9963
6105
7427
6413
529
529
7893
5747
4131
3191
8597
6537
6219
3367
2185
341
7575
2405
1333
1627
5355
4107
3733
641
5529
3297
1623
1943
7865
3547
8041
4791
4487
7459
3173
1689
965
613
1103
4049
7409
7679
1657
6251
6807
2275
4729
6147
1303
5179
2597
9643
7185
7165
7561
3171
529
9851
2931
953
3133
3887
7423
6495
8675
6367
5319
9191
9441
9111
3803
1481
4139
2509
8303
9861
7605
8129
3955
9883
1091
371
3687
9941
4389
1829
4031
3323
7131
2953
6531
4047
1063
6965
5679
4303
8763
855
5847
7757
8115
9071
6083
3873
9501
295
153
5701
7015
2473
4737
7779
7809
9021
4115
8117
3957
9069
1519
1817
9935
1935
791
5539
761
1559
2859
8001
859
2185
8235
7765
4559
9165
3129
991
7317
8485
7879
8283
7211
1437
4085
7287
5465
3167
8073
3359
5933
2209
4701
1931
6469
5303
2781
5695
5221
1039
1697
7445
355
6563
947
7867
8793
2281
8281
4891
6165
507
3193
9713
3317
4097
5803
6635
9599
2007
1949
6169
879
6597
9467
1817
5779
1175
7795
8769
3025
7635
3973
9011
9429
2827
1039
1389
703
3755
6463
1705
3837
4627
6879
527
7089
6427
6681
8443
1911
3745
8747
8919
4549
5199
325
61
5473
7763
2001
369
8291
3719
9501
4325
8063
4883
2305
6415
2095
95
6459
5227
2709
667
7347
4957
6495
8161
7413
6509
5285
189
569
5485
1459
5315
4353
4915
6855
9537
3809
3425
4061
1577
5865
9517
6489
8645
781
1399
7799
195
7905
7865
7641
895
3333
7363
6045
3909
4989
189
9867
1469
8247
843
5181
5697
3453
7587
47
2947
9359
3215
3309
5539
2383
9397
7859
6371
3037
1701
569
373
8675
4033
7759
3905
4985
7255
3759
4695
1323
4049
8085
8781
1519
9351
6707
1831
2991
8641
4139
5073
3541
9785
3295
8771
647
1917
2425
7939
8061
4141
4889
9915
5289
353
8117
6307
3769
7451
6005
5279
6737
4093
2023
1641
8517
1541
7153
9023
2401
6579
1277
3391
8125
3577
3695
6751
6073
5613
2487
4393
6613
9961
9181
3015
9719
8521
2645
9875
7609
3815
5005
3375
7583
9483
6731
5435
407
4829
1997
8707
9431
1643
1867
5785
6751
395
6763
1399
5677
3963
7297
7897
8741
8165
5291
4347
2141
3633
3829
3885
6111
2957
7339
629
4841
2367
7177
3049
2065
2417
8663
3443
927
6493
1061
7343
1857
5649
1767
1751
2843
2103
4157
7481
3567
6357
5691
75
9613
4391
6685
2579
241
6717
2793
1887
5947
3449
4353
8469
6193
625
7017
9515
3801
5603
6439
7055
8289
2881
3987
7567
5871
9485
6267
8967
3309
2331
4373
545
763
2509
3289
7691
2787
4503
7745
1401
1417
3881
6233
3449
3223
1435
273
7273
7333
1341
8075
2943
4521
6905
7317
7583
5971
2235
8793
7267
427
3941
3393
4489
5983
8977
2321
6483
1595
3231
4259
1503
13
1179
7725
5837
839
3801
1297
1621
4189
3275
2331
9171
9085
2241
7139
5119
3787
2221
9755
4451
3517
339
3837
5079
4175
9881
3419
3167
4459
1361
1185
9175
7887
7825
8787
3419
6035
191
9561
6727
3113
6985
6133
8999
253
2355
4289
3225
2525
4649
5693
2879
6917
499
8487
7891
4479
8439
5393
5975
8555
9185
8323
5525
4237
5293
3837
2169
9923
6433
7065
1303
6223
567
5317
8757
3393
9265
639
8361
4465
9459
6345
8525
5799
805
3917
9007
5991
9723
905
8557
1659
2721
7937
7781
5897
6743
3577
5905
7073
5953
3249
4749
8181
831
8875
6967
4757
8117
7381
5231
2463
2839
321
5517
8911
4449
4951
9239
9749
857
473
1279
4815
1545
6217
699
9935
1109
3071
3423
7111
139
8967
7541
1877
5019
8967
9105
1035
7797
6915
1697
1641
6415
3165
4349
2485
7863
1863
5141
5135
7039
2249
4989
4547
5471
5151
1109
1985
1415
775
8185
1393
9967
833
1925
9617
7773
4983
1511
8545
4871
9529
793
161
7991
7199
3987
785
2687
8205
2017
7133
6343
7009
7813
6981
3369
6113
5177
775
8241
7411
563
9843
3477
1797
3233
6917
3467
6675
8373
2219
9817
6475
3069
4201
581
5389
607
9057
5357
6505
9909
3029
117
3609
571
2905
9333
8143
7245
8543
8361
1081
4553
4499
7779
749
4305
4539
7651
6343
5255
6661
1137
7537
5067
5827
4503
995
427
949
4297
6043
8755
9077
7473
1021
9149
6569
5721
4081
6939
1649
3487
5775
9345
2171
7713
7467
2541
7259
115
3643
5909
1135
8971
7449
4215
6373
1895
4607
7853
5409
2823
8673
7749
2649
6525
5559
9747
3327
819
2351
1225
4723
9065
6401
8685
7823
3765
2157
1113
4247
3103
5341
6765
7331
3049
3091
5647
3517
9673
3649
4787
8943
403
4417
4911
9397
9541
7687
3467
3737
5111
8495
145
5757
2457
1889
1889
3683
6661
4949
6053
1885
785
6847
3641
995
9963
4863
663
4171
8115
6211
5137
7685
495
9239
1913
4687
8473
3595
2055
585
3531
8145
6659
2683
659
8167
625
1013
5037
4539
8683
9465
1909
179
723
341
1143
5539
8377
9431
6241
963
8465
5671
8937
6425
655
873
1969
4777
3391
2755
1791
1317
6653
9123
1471
2619
8119
603
225
589
3313
145
9293
1285
8265
2883
1383
7881
9189
6615
9537
4581
4107
2391
5323
8657
3269
7845
8701
2713
7229
3663
9095
4191
4937
5677
9417
2091
8653
119
6559
4145
141
8415
9355
7119
9059
2243
303
2605
7031
4577
2161
4209
1811
4581
4961
5321
8611
1895
9989
453
9237
2207
471
323
929
625
2327
4381
3625
7135
4049
1395
4209
3399
2839
6525
1965
4739
4499
1785
3013
6005
3959
5587
4033
3425
7349
217
5601
8867
9153
4529
7055
6693
177
4163
3183
8061
257
4589
2575
2611
5735
8171
4535
5881
5881
3925
7577
3153
6013
6573
5369
3977
4867
5733
4657
3377
8561
9893
6071
823
3185
2855
4753
8619
7637
1711
6529
7757
4397
7329
3105
9679
3375
9213
2453
4635
3849
3309
5857
8537
5173
7145
4229
7233
7525
923
6577
1649
4769
6471
5319
3205
1051
3519
4215
8221
7315
6093
2671
1373
5323
7819
633
9665
9397
4217
9625
6803
9167
489
71
9047
4431
1433
1907
763
1343
9935
1509
9841
7757
7445
9955
2487
5297
9527
9821
9051
733
8407
651
6889
8823
9411
4261
2963
2043
9891
8511
8313
2389
1321
287
1443
6953
1339
1677
705
4405
6139
4405
7355
1671
9509
5959
5051
735
8121
1237
2621
4135
385
1829
6795
4085
1043
9877
4481
8569
8593
381
7181
4307
6379
3309
5837
2545
6499
8107
3981
9713
5631
7837
31
1855
5181
2839
81
9603
2817
9641
893
6409
2797
6877
7585
5009
8393
7891
9499
1563
5245
2637
7785
5425
5443
2041
3715
4295
2017
429
4413
8917
8963
4973
7433
8931
7495
8977
3383
9937
3979
8651
1721
2483
6361
7715
